163
1.00E-05			1.17950064053037E-08	0.54782518812859
2.00E-05			4.17633036855448E-08	0.548685653336608
3.00E-05			8.74050027141099E-08	0.549366282106953
4.00E-05			1.47516942719851E-07	0.549951220685128
5.00E-05			2.2129703754662E-07	0.550473878312187
6.00E-05			3.08145783776745E-07	0.550951677258775
7.00E-05			4.07585979183811E-07	0.551395100435072
8.00E-05			5.19222139720929E-07	0.551811049773717
9.00E-05			6.42717144269285E-07	0.552204362007117
1.00E-04			7.77777577943744E-07	0.55257858592793
2.00E-04			2.71774361613046E-06	0.555666204871308
3.00E-04			5.62915454945816E-06	0.558100337574877
4.00E-04			9.41674975975825E-06	0.560186509271131
5.00E-04			1.40157488364913E-05	0.5620460827106
6.00E-04			1.93770645032534E-05	0.563742370504715
7.00E-04			2.54612274488987E-05	0.56531348028484
8.00E-04			3.22352763047812E-05	0.566784509550744
9.00E-04			3.96709483961522E-05	0.568173050912575
1.00E-03			4.7743533446215E-05	0.569492015626356
2.00E-03			0.000159536488841	0.580293693698766
3.00E-03			0.000319307707873	0.588708977920902
4.00E-03			0.000519025419451	0.595852092077812
5.00E-03			0.000753338477747	0.602166210744552
6.00E-03			0.001018294484369	0.607882752892212
7.00E-03			0.001310801503352	0.613141116704457
8.00E-03			0.001628348859123	0.618033168139955
9.00E-03			0.001968843402809	0.622623337463298
1.00E-02			0.002330505301121	0.626958932053401
2.00E-02			0.006846692540466	0.661589264741988
3.00E-02			0.01249419151987	0.687531136183584
4.00E-02			0.018867748124027	0.708875269954921
5.00E-02			0.025746231429232	0.727247484503943
6.00E-02			0.032991880016402	0.743495228812628
7.00E-02			0.040512030978524	0.758127748899172
8.00E-02			0.04824108802779	0.771479706650223
9.00E-02			0.056130873029999	0.783785092409355
1.00E-01			0.064144999094031	0.795215144496402
2.00E-01			0.147031345996898	0.88029852264208
3.00E-01			0.229772268142306	0.93758434758785
4.00E-01			0.310153654712672	0.981121503921308
5.00E-01			0.387822018281228	1.01626444832498
6.00E-01			0.462852926212873	1.04569954501516
7.00E-01			0.535431451091132	1.07098494543652
8.00E-01			0.605760674561096	1.09311135146964
9.00E-01			0.674033287976378	1.1127503062574
1			0.740423537044053	1.13037911097994
2			1.32744829002638	1.24559841750153
3			1.82312961269894	1.31015848057267
4			2.26264642836727	1.35367856342237
5			2.66295292443285	1.38582677217725
6			3.03378546953253	1.41093584663669
7			3.38136405033034	1.43130309661266
8			3.70995723754447	1.44828420086618
9			4.02264945742587	1.46274136785472
10			4.32175809398326	1.47525432173183
12.5			5.02099649142813	1.50043680821251
15			5.6653015683549	1.51968143276558
17.5			6.26690717059042	1.5350265279592
20			6.83402721267343	1.54764305230989
22.5			7.37250202089519	1.55825966863658
25			7.88666533449411	1.56735746680342
27.5			8.37984108891965	1.57526894809073
30			8.85464693261579	1.58223245399696
32.5			9.31318928702549	1.58842399744763
35			9.75719394872326	1.5939768281241
37.5			10.188096549897	1.59899396285781
40			10.6071070295117	1.6035564925972
42.5			11.0152567158016	1.60772925415623
45			11.4134334421505	1.61156480253084
47.5			11.8024082241092	1.61510625547263
50			12.1828558566502	1.61838937072742
52.5			12.5553710477207	1.62144408950196
55			12.9204812190189	1.624295701259
57.5			13.2786567806175	1.62696573510134
60			13.6303194646662	1.62947265058954
62.5			13.9758491493705	1.63183237930046
65			14.3155894954324	1.63405875384657
67.5			14.6498526387734	1.6361638510215
70			14.9789231262242	1.6381582686961
72.5			15.3030612386607	1.6400513510853
75			15.6225058145138	1.64185137340181
77.5			15.9374766627311	1.64356569428442
80			16.2481766360557	1.64520088244942
82.5			16.5547934214463	1.64676282256814
85			16.8575010935378	1.64825680428466
87.5			17.1564614684793	1.64968759745988
90			17.4518252887119	1.65105951609415
92.5			17.7437332638604	1.65237647288942
95			18.0323169885921	1.65364202603021
97.5			18.3176997548067	1.65485941946262
100			18.5999972726967	1.65603161771392
125			21.2744253715814	1.66577078503949
150			23.729468836435	1.67298239266046
175			26.0157663896957	1.67859515948524
200			28.1668005387905	1.68312143234924
225			30.2061138265388	1.68686999316923
250			32.1510272950891	1.6900394444721
275			34.0147367874292	1.69276406832667
300			35.8075776049615	1.69513832995081
325			37.5378290414186	1.69723086313324
350			39.2122485746588	1.69909288741204
375			40.8364392890858	1.7007635002165
400			42.4151101828797	1.7022731283617
425			43.9522652944205	1.70364585039541
450			45.4513441310235	1.70490100177321
475			46.9153279324217	1.70605431062875
500			48.3468214314592	1.70711871813277
525			49.7481166975165	1.70810498195096
550			51.1212436503968	1.70902212744356
575			52.4680105035706	1.70987778999889
600			53.7900364925564	1.71067847822651
625			55.0887786184196	1.71142977875013
650			56.3655536950897	1.71213651731383
675			57.6215566730585	1.71280288679828
700			58.8578759822132	1.71343254988593
725			60.0755064672958	1.71402872209853
750			61.2753603632666	1.71459423949022
775			62.4582766626776	1.71513161423631
800			63.6250291546471	1.71564308059343
825			64.7763333592323	1.71613063314073
850			65.9128525376855	1.71659605878777
875			67.0352029251739	1.7170409637145
900			68.1439583057842	1.71746679616442
925			69.2396540283701	1.71787486582426
950			70.322790544778	1.71826636037783
975			71.3938365382726	1.71864235970806
1000			72.4532316988701	1.71900384813195
1250			82.4866406736026	1.7219864772251
1500			91.6930658761124	1.72417140333785
1750			100.264140174163	1.72585820327137
2000			108.236333481359	1.745
2250			115.793309687291	1.745
2500			122.999263090541	1.745
2750			129.903399991495	1.745
3000			136.544233389124	1.745
3250			142.952597281031	1.745
3500			149.153645993023	1.745
3750			155.168228134941	1.745
4000			161.01385928232	1.745
4250			166.705428227543	1.745
4500			172.255721088654	1.745
4750			177.675817712776	1.745
5000			182.975396542791	1.745
5250			188.162972582748	1.745
5500			193.246085614382	1.745
5750			198.231450842819	1.745
6000			203.12508077073	1.745
6250			207.932384760047	1.745
6500			212.658251091019	1.745
6750			217.307115147169	1.745
7000			221.883016496506	1.745
7250			226.389647007351	1.745
7500			230.830391666115	1.745
7750			235.208363409246	1.745
8000			239.526433011072	1.745
8250			243.787254861227	1.745
8500			247.993289303831	1.745
8750			252.146822084256	1.745
9000			256.249981349562	1.745
9250			260.304752569469	1.745
9500			264.31299168133	1.745
9750			268.276436711485	1.745
10000			272.196718083967	1.745
