The data were generated by SigmaCalc version 2.0. Update of 12-11-2013. File created 12-8-2020.
Al-27(pp) at 135.0 deg.
 keV     RTR
900.0	 1.0011
904.5	 1.0011
909.0	 1.0010
913.5	 1.0009
918.0	 1.0008
922.5	 1.0006
927.0	 1.0002
931.0	 0.9993
934.0	 0.9972
935.5	 0.9927
936.0	 0.9881
936.5	 0.9737
937.0	 0.7679
937.5	 1.0238
938.0	 1.0134
938.5	 1.0096
939.5	 1.0064
942.0	 1.0039
945.5	 1.0029
950.0	 1.0023
954.5	 1.0020
959.0	 1.0017
964.0	 1.0014
969.0	 1.0011
974.0	 1.0006
978.5	 0.9999
983.0	 0.9986
986.5	 0.9961
989.0	 0.9907
990.5	 0.9785
991.0	 0.9655
991.5	 0.9214
992.0	 1.2844
992.5	 1.0577
993.0	 1.0324
993.5	 1.0229
994.5	 1.0148
996.5	 1.0092
1000.0	 1.0059
1004.0	 1.0042
1008.5	 1.0030
1013.0	 1.0018
1017.5	 0.9998
1021.0	 0.9957
1023.0	 0.9881
1024.0	 0.9758
1024.5	 0.9582
1025.0	 0.8868
1025.5	 1.1837
1026.0	 1.0577
1026.5	 1.0354
1027.0	 1.0261
1028.0	 1.0179
1030.0	 1.0120
1033.5	 1.0085
1037.5	 1.0069
1042.5	 1.0059
1047.5	 1.0052
1052.5	 1.0048
1057.5	 1.0044
1062.5	 1.0040
1067.5	 1.0036
1072.5	 1.0032
1077.5	 1.0028
1082.5	 1.0022
1087.5	 1.0016
1092.0	 1.0008
1096.0	 0.9999
1100.0	 0.9987
1103.5	 0.9971
1106.5	 0.9951
1109.0	 0.9926
1111.0	 0.9894
1112.5	 0.9858
1113.5	 0.9822
1114.5	 0.9770
1115.0	 0.9733
1115.5	 0.9686
1116.0	 0.9621
1116.5	 0.9528
1117.0	 0.9383
1117.5	 0.9133
1118.0	 0.8617
1118.5	 0.7327
1119.0	 0.8476
1119.5	 1.0758
1120.0	 1.0713
1120.5	 1.0578
1121.0	 1.0478
1121.5	 1.0406
1122.0	 1.0353
1122.5	 1.0313
1123.0	 1.0281
1124.0	 1.0235
1125.0	 1.0202
1126.5	 1.0167
1128.5	 1.0137
1131.0	 1.0111
1134.0	 1.0089
1137.0	 1.0073
1140.5	 1.0056
1144.0	 1.0042
1148.0	 1.0026
1152.0	 1.0009
1155.5	 0.9993
1159.0	 0.9974
1162.5	 0.9952
1166.0	 0.9925
1168.5	 0.9901
1171.0	 0.9871
1173.5	 0.9833
1175.5	 0.9792
1177.5	 0.9735
1179.0	 0.9673
1180.0	 0.9613
1181.0	 0.9524
1181.5	 0.9458
1182.0	 0.9366
1182.5	 0.9226
1183.0	 0.8985
1183.5	 0.8514
1184.0	 0.8677
1184.5	 1.0974
1185.0	 1.0588
1185.5	 1.0317
1186.0	 1.0157
1186.5	 1.0049
1187.0	 0.9970
1187.5	 0.9906
1188.0	 0.9851
1189.0	 0.9757
1190.0	 0.9669
1190.5	 0.9625
1191.0	 0.9579
1191.5	 0.9531
1192.0	 0.9480
1192.5	 0.9425
1193.0	 0.9366
1193.5	 0.9301
1194.0	 0.9229
1194.5	 0.9149
1195.0	 0.9061
1195.5	 0.8961
1196.0	 0.8850
1196.5	 0.8727
1197.0	 0.8591
1197.5	 0.8446
1198.5	 0.8165
1199.0	 0.8073
1199.5	 0.8068
1200.0	 0.8200
1200.5	 0.8497
1201.0	 0.8935
1201.5	 0.9428
1202.0	 0.9885
1202.5	 1.0248
1203.0	 1.0508
1204.0	 1.0784
1204.5	 1.0843
1205.0	 1.0873
1205.5	 1.0882
1206.0	 1.0880
1206.5	 1.0869
1207.0	 1.0854
1207.5	 1.0836
1208.0	 1.0817
1208.5	 1.0798
1209.5	 1.0759
1210.5	 1.0722
1211.5	 1.0689
1212.5	 1.0658
1213.5	 1.0631
1214.5	 1.0606
1216.0	 1.0573
1217.5	 1.0544
1219.5	 1.0512
1221.5	 1.0485
1223.5	 1.0462
1226.0	 1.0437
1228.5	 1.0417
1231.5	 1.0396
1235.0	 1.0376
1238.5	 1.0359
1242.0	 1.0345
1246.0	 1.0330
1250.0	 1.0317
1254.5	 1.0302
1258.0	 1.0287
1261.0	 1.0257
1262.5	 1.0196
1263.0	 1.0118
1263.5	 0.9626
1264.0	 1.0638
1264.5	 1.0439
1265.0	 1.0385
1266.0	 1.0345
1268.0	 1.0318
1271.5	 1.0300
1276.0	 1.0288
1281.0	 1.0278
1286.5	 1.0269
1292.0	 1.0261
1297.5	 1.0252
1303.0	 1.0244
1309.0	 1.0234
1312.0	 1.0230
1316.0	 1.0236
1317.0	 1.0254
1317.5	 1.0283
1318.0	 1.0420
1318.5	 0.9911
1319.0	 1.0111
1319.5	 1.0145
1328.5	 1.0073
1329.5	 0.9863
1330.0	 1.1812
1330.5	 1.0488
1331.0	 1.0328
1332.0	 1.0245
1334.5	 1.0190
1338.5	 1.0153
1343.0	 1.0116
1347.0	 1.0076
1350.5	 1.0029
1353.5	 0.9974
1356.0	 0.9908
1357.5	 0.9853
1359.0	 0.9777
1360.5	 0.9665
1361.5	 0.9551
1362.5	 0.9374
1363.0	 0.9241
1363.5	 0.9055
1364.0	 0.8778
1364.5	 0.8343
1365.0	 0.7750
1365.5	 0.9020
1366.0	 1.2247
1366.5	 1.1894
1367.0	 1.1391
1367.5	 1.1064
1368.0	 1.0847
1368.5	 1.0693
1369.0	 1.0576
1369.5	 1.0484
1370.5	 1.0343
1371.5	 1.0234
1372.5	 1.0139
1373.5	 1.0050
1374.5	 0.9960
1375.5	 0.9862
1376.5	 0.9749
1377.5	 0.9608
1378.0	 0.9521
1378.5	 0.9420
1379.0	 0.9296
1379.5	 0.9141
1380.0	 0.8940
1380.5	 0.8665
1381.0	 0.8264
1381.5	 0.7641
1382.0	 0.6778
1382.5	 0.9598
1383.0	 1.4719
1383.5	 1.3002
1384.0	 1.1927
1384.5	 1.1295
1385.0	 1.0859
1385.5	 1.0510
1386.0	 1.0190
1386.5	 0.9859
1387.0	 0.9472
1387.5	 0.8958
1388.0	 0.8179
1388.5	 0.6811
1389.0	 0.5060
1389.5	 1.8923
1390.0	 1.6957
1390.5	 1.4481
1391.0	 1.3390
1391.5	 1.2781
1392.0	 1.2391
1392.5	 1.2119
1393.0	 1.1918
1393.5	 1.1762
1394.0	 1.1638
1394.5	 1.1536
1395.0	 1.1451
1396.0	 1.1316
1397.0	 1.1213
1398.0	 1.1132
1399.0	 1.1066
1400.5	 1.0987
1402.5	 1.0907
1405.0	 1.0832
1407.5	 1.0774
1410.5	 1.0720
1413.5	 1.0677
1417.0	 1.0634
1420.5	 1.0597
1424.0	 1.0563
1427.0	 1.0534
1430.5	 1.0497
1433.5	 1.0460
1435.5	 1.0426
1437.0	 1.0387
1438.0	 1.0343
1439.0	 1.0254
1439.5	 1.0164
1440.0	 1.0018
1440.5	 0.9910
1441.0	 1.0053
1441.5	 1.0226
1445.5	 1.0298
1447.0	 1.0248
1448.0	 1.0207
1449.0	 1.0155
1450.0	 1.0090
1450.5	 1.0051
1451.0	 1.0006
1451.5	 0.9953
1452.0	 0.9891
1452.5	 0.9816
1453.0	 0.9726
1453.5	 0.9614
1454.0	 0.9472
1454.5	 0.9288
1455.0	 0.9043
1455.5	 0.8715
1456.0	 0.8279
1456.5	 0.7775
1457.0	 0.7522
1457.5	 0.8228
1458.0	 0.9668
1458.5	 1.0675
1459.0	 1.1099
1459.5	 1.1232
1460.0	 1.1249
1460.5	 1.1223
1461.0	 1.1183
1461.5	 1.1139
1462.0	 1.1098
1462.5	 1.1059
1463.0	 1.1024
1463.5	 1.0992
1464.5	 1.0936
1465.5	 1.0891
1466.5	 1.0852
1467.5	 1.0819
1469.0	 1.0778
1470.5	 1.0743
1472.5	 1.0703
1474.5	 1.0669
1476.5	 1.0638
1479.0	 1.0602
1481.5	 1.0565
1484.0	 1.0527
1486.5	 1.0485
1489.0	 1.0434
1491.0	 1.0383
1493.0	 1.0318
1494.5	 1.0253
1495.5	 1.0199
1496.5	 1.0130
1497.5	 1.0041
1498.5	 0.9918
1499.0	 0.9837
1499.5	 0.9737
1500.0	 0.9608
1500.5	 0.9438
1501.0	 0.9200
1501.5	 0.8845
1502.0	 0.8263
1502.5	 0.7185
1503.0	 0.5894
1503.5	 1.7998
1504.0	 1.4932
1504.5	 1.3234
1505.0	 1.2445
1505.5	 1.1997
1506.0	 1.1708
1506.5	 1.1505
1507.0	 1.1354
1507.5	 1.1234
1508.0	 1.1137
1508.5	 1.1054
1509.0	 1.0982
1510.0	 1.0858
1511.0	 1.0749
1511.5	 1.0695
1512.0	 1.0642
1512.5	 1.0587
1513.0	 1.0528
1513.5	 1.0466
1514.0	 1.0397
1514.5	 1.0319
1515.0	 1.0231
1515.5	 1.0129
1516.0	 1.0008
1516.5	 0.9864
1517.0	 0.9694
1517.5	 0.9498
1518.0	 0.9292
1519.0	 0.9112
1519.5	 0.9355
1520.0	 0.9827
1520.5	 1.0333
1521.0	 1.0718
1521.5	 1.0959
1524.0	 1.1199
1525.0	 1.1176
1526.0	 1.1146
1527.0	 1.1115
1528.0	 1.1086
1529.5	 1.1048
1531.0	 1.1014
1532.5	 1.0986
1534.5	 1.0953
1537.0	 1.0918
1539.5	 1.0889
1542.5	 1.0857
1545.5	 1.0829
1548.0	 1.0807
1551.0	 1.0779
1554.0	 1.0751
1557.0	 1.0719
1559.5	 1.0688
1562.0	 1.0652
1564.0	 1.0619
1566.0	 1.2192
1566.5	 1.0496
1569.0	 1.0438
1570.0	 1.0386
1571.0	 1.0318
1571.5	 1.0276
1572.0	 1.0228
1572.5	 1.0172
1573.0	 1.0105
1573.5	 1.0024
1574.0	 0.9926
1574.5	 0.9803
1575.0	 0.9648
1575.5	 0.9446
1576.0	 0.9180
1576.5	 0.8823
1577.0	 0.8362
1577.5	 0.7867
1578.0	 0.7690
1578.5	 0.8135
1579.0	 1.1137
1579.5	 1.1331
1580.5	 1.1626
1581.0	 1.1613
1581.5	 1.1571
1582.0	 1.1522
1582.5	 1.1474
1583.0	 1.1428
1583.5	 1.1387
1584.0	 1.1350
1584.5	 1.1316
1585.5	 1.1259
1586.5	 1.1213
1587.5	 1.1174
1588.5	 1.1141
1590.0	 1.1101
1591.5	 1.1068
1593.5	 1.1032
1596.0	 1.0996
1598.5	 1.0967
1601.5	 1.0938
1604.5	 1.0913
1608.0	 1.0887
1612.0	 1.0858
1616.0	 1.0830
1619.0	 1.0809
1623.5	 1.0773
1627.5	 1.0737
1630.5	 1.0705
1634.0	 1.0661
1636.5	 1.0622
1639.0	 1.0574
1641.5	 1.0509
1643.0	 1.0455
1644.0	 1.0404
1645.0	 1.0326
1645.5	 1.0260
1646.0	 1.0146
1646.5	 0.9867
1647.0	 0.8359
1647.5	 1.0482
1648.0	 1.0619
1648.5	 1.0539
1649.0	 1.0476
1649.5	 1.0426
1650.5	 1.0341
1651.5	 1.0261
1652.5	 1.0176
1653.5	 1.0080
1654.5	 0.9967
1655.5	 0.9827
1656.5	 0.9650
1657.0	 0.9541
1657.5	 0.9414
1658.0	 0.9265
1658.5	 0.9087
1659.0	 0.8872
1659.5	 0.8611
1660.0	 0.8294
1660.5	 0.7923
1661.0	 0.7563
1661.5	 0.7531
1662.0	 0.8999
1662.5	 1.3353
1663.0	 1.6708
1663.5	 1.6916
1664.5	 1.8016
1665.0	 1.4007
1665.5	 1.3390
1666.0	 1.3046
1666.5	 1.2785
1667.0	 1.2574
1667.5	 1.2401
1668.0	 1.2255
1668.5	 1.2131
1669.5	 1.1929
1670.5	 1.1769
1671.5	 1.1638
1672.5	 1.1525
1673.5	 1.1423
1674.5	 1.1324
1675.5	 1.1221
1676.5	 1.1100
1677.0	 1.1024
1677.5	 1.0928
1678.0	 1.0793
1678.5	 1.0576
1679.0	 1.0134
1679.5	 0.8660
1680.0	 1.5485
1680.5	 1.2600
1681.0	 1.2002
1681.2	 1.1878
1681.5	 1.1744
1681.8	 1.1647
1682.2	 1.1551
1682.8	 1.1449
1685.8	 1.1182
1688.7	 1.1025
1691.2	 1.0898
1692.2	 1.0845
1693.7	 1.0759
1695.0	 1.0674
1696.1	 1.0591
1697.0	 1.0513
1697.8	 1.0432
1698.5	 1.0351
1699.1	 1.0270
1699.6	 1.0194
1700.1	 1.0106
1700.5	 1.0025
1700.9	 0.9933
1701.2	 0.9855
1701.5	 0.9767
1701.8	 0.9668
1702.0	 0.9594
1702.2	 0.9513
1702.4	 0.9424
1702.6	 0.9325
1702.8	 0.9214
1703.0	 0.9091
1703.2	 0.8951
1703.4	 0.8793
1703.5	 0.8707
1703.6	 0.8614
1703.7	 0.8515
1703.8	 0.8409
1703.9	 0.8297
1704.0	 0.8177
1704.1	 0.8051
1704.2	 0.7919
1704.3	 0.7782
1704.4	 0.7644
1704.8	 0.7262
1704.9	 0.7320
1705.0	 0.7533
1705.1	 0.7983
1705.2	 0.8763
1705.3	 0.9938
1705.4	 1.1475
1705.5	 1.3167
1705.6	 1.4708
1705.7	 1.5843
1705.8	 1.6487
1706.0	 1.6666
1706.1	 1.6452
1706.2	 1.6159
1706.3	 1.5838
1706.4	 1.5516
1706.5	 1.5210
1706.6	 1.4925
1706.7	 1.4663
1706.8	 1.4424
1706.9	 1.4205
1707.0	 1.4007
1707.1	 1.3827
1707.2	 1.3662
1707.3	 1.3512
1707.4	 1.3374
1707.5	 1.3247
1707.6	 1.3130
1707.7	 1.3022
1707.8	 1.2921
1707.9	 1.2828
1708.1	 1.2660
1708.3	 1.2512
1708.5	 1.2381
1708.7	 1.2264
1708.9	 1.2159
1709.1	 1.2063
1709.3	 1.1976
1709.8	 1.1785
1710.1	 1.1686
1710.4	 1.1595
1710.7	 1.1512
1711.0	 1.1434
1711.3	 1.1360
1711.7	 1.1268
1712.1	 1.1180
1712.5	 1.1097
1712.9	 1.1015
1713.3	 1.0936
1713.7	 1.0857
1714.1	 1.0778
1714.5	 1.0698
1714.9	 1.0617
1715.3	 1.0535
1715.7	 1.0451
1716.1	 1.0364
1716.5	 1.0274
1716.9	 1.0181
1717.3	 1.0086
1717.7	 0.9987
1718.1	 0.9886
1718.5	 0.9783
1719.0	 0.9653
1721.3	 0.9199
1721.6	 0.9187
1721.8	 0.9189
1722.0	 0.9201
1722.2	 0.9224
1722.4	 0.9257
1722.6	 0.9304
1722.8	 0.9366
1723.0	 0.9445
1723.2	 0.9546
1723.3	 0.9609
1723.4	 0.9682
1723.5	 0.9771
1723.6	 0.9881
1723.7	 1.0024
1723.8	 1.0225
1723.9	 1.0537
1724.0	 1.1089
1724.1	 1.2278
1724.2	 1.5437
1724.5	 1.1168
1724.6	 1.0395
1724.7	 1.0143
1724.8	 1.0060
1724.9	 1.0045
1725.0	 1.0060
1725.1	 1.0090
1725.2	 1.0128
1725.4	 1.0214
1727.4	 1.0987
1731.7	 1.1524
1732.7	 1.1538
1733.6	 1.1536
1734.5	 1.1521
1735.4	 1.1497
1736.2	 1.1468
1737.0	 1.1433
1737.8	 1.1392
1738.5	 1.1351
1739.2	 1.1304
1739.9	 1.1251
1740.5	 1.1199
1741.1	 1.1142
1741.7	 1.1079
1742.3	 1.1008
1742.9	 1.0930
1743.6	 1.0830
1746.2	 1.0517
1746.4	 1.0519
1746.6	 1.0529
1746.8	 1.0549
1747.0	 1.0579
1747.2	 1.0620
1747.4	 1.0673
1747.5	 1.0703
1747.7	 1.0772
1747.9	 1.0850
1748.0	 1.0892
1748.1	 1.0936
1748.2	 1.0982
1748.5	 1.1126
1748.7	 1.1224
1748.9	 1.1323
1749.1	 1.1419
1749.3	 1.1511
1749.8	 1.1717
1753.5	 1.2200
1754.2	 1.2196
1754.9	 1.2185
1755.7	 1.2167
1756.6	 1.2144
1757.6	 1.2118
1758.7	 1.2089
1760.0	 1.2058
1761.5	 1.2024
1763.3	 1.1988
1765.4	 1.1952
1768.0	 1.1913
1771.4	 1.1870
1776.0	 1.1819
1778.8	 1.1791
1782.6	 1.1750
1785.8	 1.1710
1788.2	 1.1668
1789.9	 1.1627
1791.1	 1.1586
1792.0	 1.1543
1792.7	 1.1499
1793.3	 1.1449
1793.7	 1.1406
1794.1	 1.1353
1794.4	 1.1304
1794.7	 1.1243
1794.9	 1.1194
1795.1	 1.1137
1795.3	 1.1069
1795.5	 1.0988
1795.6	 1.0941
1795.7	 1.0890
1795.8	 1.0832
1795.9	 1.0768
1796.0	 1.0697
1796.1	 1.0617
1796.2	 1.0528
1796.3	 1.0428
1796.4	 1.0318
1796.5	 1.0195
1796.6	 1.0062
1796.7	 0.9920
1796.8	 0.9776
1797.1	 0.9489
1797.2	 0.9530
1797.3	 0.9686
1797.4	 0.9959
1797.5	 1.0320
1797.6	 1.0717
1797.7	 1.1097
1797.8	 1.1426
1797.9	 1.1692
1798.0	 1.1897
1798.1	 1.2050
1799.2	 1.2599
1799.3	 1.2685
1799.4	 1.2826
1799.5	 1.3081
1799.6	 1.3614
1799.7	 1.4882
1799.8	 1.5849
1799.9	 1.3133
1800.0	 1.2193
1800.2	 1.1941
1800.3	 1.1932
1800.5	 1.1939
1800.9	 1.1953
1804.2	 1.1903
1806.1	 1.1874
1809.2	 1.1840
1814.9	 1.1802
1817.9	 1.1789
1820.0	 1.1780
