The data were generated by SigmaCalc version 2.0. Update of 17-09-16. File created 12-8-2020.
B-10(pp) at 140.0 deg.
 keV     RTR
500.0	 1.2995
510.0	 1.3227
520.0	 1.3434
530.0	 1.3620
540.0	 1.3797
550.0	 1.3965
560.0	 1.4122
570.0	 1.4271
580.0	 1.4417
590.0	 1.4554
600.0	 1.4696
610.0	 1.4832
620.0	 1.4961
630.0	 1.5099
640.0	 1.5229
650.0	 1.5356
660.0	 1.5484
670.0	 1.5610
680.0	 1.5741
690.0	 1.5866
700.0	 1.5990
710.0	 1.6116
720.0	 1.6246
730.0	 1.6364
740.0	 1.6485
750.0	 1.6613
760.0	 1.6732
770.0	 1.6853
780.0	 1.6964
790.0	 1.7085
800.0	 1.7203
810.0	 1.7306
820.0	 1.7422
830.0	 1.7533
840.0	 1.7635
850.0	 1.7737
860.0	 1.7847
870.0	 1.7946
880.0	 1.8038
890.0	 1.8135
900.0	 1.8225
910.0	 1.8319
920.0	 1.8402
930.0	 1.8480
940.0	 1.8565
950.0	 1.8637
960.0	 1.8705
970.0	 1.8781
980.0	 1.8844
990.0	 1.8923
1000.0	 1.8971
1010.0	 1.9032
1020.0	 1.9101
1030.0	 1.9167
1040.0	 1.9218
1050.0	 1.9270
1060.0	 1.9329
1070.0	 1.9379
1080.0	 1.9447
1090.0	 1.9509
1100.0	 1.9556
1110.0	 1.9629
1120.0	 1.9691
1130.0	 1.9741
1140.0	 1.9817
1150.0	 1.9884
1160.0	 1.9976
1170.0	 2.0050
1180.0	 2.0135
1190.0	 2.0228
1200.0	 2.0322
1210.0	 2.0414
1220.0	 2.0534
1230.0	 2.0644
1240.0	 2.0772
1250.0	 2.0904
1260.0	 2.1043
1270.0	 2.1201
1280.0	 2.1358
1290.0	 2.1549
1300.0	 2.1759
1310.0	 2.1989
1320.0	 2.2249
1330.0	 2.2497
1340.0	 2.2833
1350.0	 2.3174
1360.0	 2.3584
1370.0	 2.4037
1380.0	 2.4580
1390.0	 2.5168
1400.0	 2.5857
1410.0	 2.6634
1420.0	 2.7506
1430.0	 2.8479
1440.0	 2.9522
1450.0	 3.0713
1460.0	 3.1971
1470.0	 3.3302
1480.0	 3.4750
1490.0	 3.6235
1500.0	 3.7749
1510.0	 3.9249
1520.0	 4.0768
1530.0	 4.2193
1540.0	 4.3583
1550.0	 4.4850
1560.0	 4.6034
1570.0	 4.7147
1580.0	 4.8065
1590.0	 4.8929
1600.0	 4.9654
1610.0	 5.0232
1620.0	 5.0813
1630.0	 5.1211
1640.0	 5.1626
1650.0	 5.1911
1660.0	 5.2156
1670.0	 5.2366
1680.0	 5.2592
1690.0	 5.2747
1700.0	 5.2828
1710.0	 5.2964
1720.0	 5.3080
1730.0	 5.3205
1740.0	 5.3300
1750.0	 5.3403
1760.0	 5.3501
1770.0	 5.3644
1780.0	 5.3731
1790.0	 5.3930
1800.0	 5.4060
1810.0	 5.4239
1820.0	 5.4423
1830.0	 5.4661
1840.0	 5.4889
1850.0	 5.5124
1860.0	 5.5422
1870.0	 5.5792
1880.0	 5.6085
1890.0	 5.6521
1900.0	 5.6961
1910.0	 5.7377
1920.0	 5.7891
1930.0	 5.8409
1940.0	 5.9064
1950.0	 5.9737
1960.0	 6.0398
1970.0	 6.1240
1980.0	 6.2077
1990.0	 6.3092
2000.0	 6.4114
2010.0	 6.5297
2020.0	 6.6591
2030.0	 6.8063
2040.0	 6.9650
2050.0	 7.1347
2060.0	 7.3239
2070.0	 7.5305
2080.0	 7.7611
2090.0	 8.0000
2100.0	 8.2649
2110.0	 8.5337
2120.0	 8.8153
2130.0	 9.0941
2140.0	 9.3648
2150.0	 9.6057
2160.0	 9.8037
2170.0	 9.9533
2180.0	 10.0328
2190.0	 10.0433
2200.0	 9.9750
2210.0	 9.8352
2220.0	 9.6367
2230.0	 9.3964
2240.0	 9.1292
2250.0	 8.8438
2260.0	 8.5540
2270.0	 8.2767
2280.0	 8.0036
2290.0	 7.7571
2300.0	 7.5254
2310.0	 7.3099
2320.0	 7.1233
2330.0	 6.9503
2340.0	 6.8008
2350.0	 6.6660
2360.0	 6.5438
2370.0	 6.4391
2380.0	 6.3542
2390.0	 6.2670
2400.0	 6.2006
2410.0	 6.1430
2420.0	 6.0867
2430.0	 6.0528
2440.0	 6.0190
2450.0	 5.9936
2460.0	 5.9810
2470.0	 5.9647
2480.0	 5.9637
2490.0	 5.9587
2500.0	 5.9694
2510.0	 5.9763
2520.0	 5.9947
2530.0	 6.0158
2540.0	 6.0367
2550.0	 6.0715
2560.0	 6.1043
2570.0	 6.1386
2580.0	 6.1834
2590.0	 6.2309
2600.0	 6.2795
2610.0	 6.3384
2620.0	 6.4022
2630.0	 6.4611
2640.0	 6.5258
2650.0	 6.6010
2660.0	 6.6641
2670.0	 6.7430
2680.0	 6.8248
2690.0	 6.9010
2700.0	 6.9943
2710.0	 7.0764
2720.0	 7.1753
2730.0	 7.2714
2740.0	 7.3665
2750.0	 7.4685
2760.0	 7.5697
2770.0	 7.6862
2780.0	 7.7834
2790.0	 7.9019
2800.0	 8.0101
2810.0	 8.1307
2820.0	 8.2493
2830.0	 8.3712
2840.0	 8.4986
2850.0	 8.6215
2860.0	 8.7491
2870.0	 8.8754
2880.0	 9.0052
2890.0	 9.1317
2900.0	 9.2797
2910.0	 9.4156
2920.0	 9.5438
2930.0	 9.6805
2940.0	 9.8330
2950.0	 9.9716
2960.0	 10.1065
2970.0	 10.2634
2980.0	 10.4062
2990.0	 10.5503
3000.0	 10.7113
3010.0	 10.8517
3020.0	 10.9993
3030.0	 11.1633
3040.0	 11.3150
3050.0	 11.4607
3060.0	 11.6132
3070.0	 11.7838
3080.0	 11.9354
3090.0	 12.0915
3100.0	 12.2458
3110.0	 12.4041
3120.0	 12.5655
3130.0	 12.7210
3140.0	 12.8801
3150.0	 13.0465
3160.0	 13.2048
3170.0	 13.3497
3180.0	 13.5187
3190.0	 13.6840
3200.0	 13.8328
3210.0	 14.0001
3220.0	 14.1506
3230.0	 14.3240
3240.0	 14.4759
3250.0	 14.6303
3260.0	 14.8064
3270.0	 14.9622
3280.0	 15.1213
3290.0	 15.2739
3300.0	 15.4359
3310.0	 15.5997
3320.0	 15.7562
3330.0	 15.9012
3340.0	 16.0622
3350.0	 16.2227
3360.0	 16.3708
3370.0	 16.5339
3380.0	 16.6768
3390.0	 16.8451
3400.0	 16.9896
3410.0	 17.1399
3420.0	 17.3081
3430.0	 17.4581
3440.0	 17.6117
3450.0	 17.7632
3460.0	 17.9123
3470.0	 18.0608
3480.0	 18.1939
3490.0	 18.3503
3500.0	 18.5042
