The data were generated by SigmaCalc version 2.0. Update of 18-11-2013. File created 12-8-2020.
C-13(pp) at 160.0 deg.
 keV     RTR
450.0	 0.8016
455.0	 0.7813
460.0	 0.7589
465.0	 0.7340
470.0	 0.7065
475.0	 0.6761
480.0	 0.6427
485.0	 0.6063
490.0	 0.5671
495.0	 0.5261
500.0	 0.4850
505.0	 0.4479
510.0	 0.4227
515.0	 0.4239
520.0	 0.4780
525.0	 0.6286
530.0	 0.9334
535.0	 1.4321
540.0	 2.0723
545.0	 2.6783
550.0	 3.0771
555.0	 3.2365
560.0	 3.2298
565.0	 3.1399
570.0	 3.0202
575.0	 2.8978
580.0	 2.7838
585.0	 2.6822
590.0	 2.5933
595.0	 2.5161
600.0	 2.4493
605.0	 2.3913
610.0	 2.3410
615.0	 2.2973
620.0	 2.2591
625.0	 2.2257
630.0	 2.1965
635.0	 2.1708
640.0	 2.1482
645.0	 2.1283
650.0	 2.1108
655.0	 2.0954
660.0	 2.0818
665.0	 2.0699
670.0	 2.0595
675.0	 2.0504
680.0	 2.0424
685.0	 2.0356
690.0	 2.0297
695.0	 2.0247
700.0	 2.0205
704.0	 2.0176
708.0	 2.0152
712.0	 2.0132
716.0	 2.0116
720.0	 2.0104
724.0	 2.0095
728.0	 2.0089
732.0	 2.0086
736.0	 2.0086
740.0	 2.0088
744.0	 2.0093
748.0	 2.0101
752.0	 2.0110
756.0	 2.0122
760.0	 2.0136
764.0	 2.0151
768.0	 2.0169
772.0	 2.0188
776.0	 2.0208
780.0	 2.0231
784.0	 2.0255
788.0	 2.0280
792.0	 2.0306
796.0	 2.0334
800.0	 2.0364
804.0	 2.0394
808.0	 2.0425
812.0	 2.0458
816.0	 2.0492
820.0	 2.0527
824.0	 2.0562
828.0	 2.0599
832.0	 2.0637
836.0	 2.0675
840.0	 2.0714
844.0	 2.0755
848.0	 2.0796
852.0	 2.0838
856.0	 2.0880
860.0	 2.0923
864.0	 2.0968
868.0	 2.1012
872.0	 2.1058
876.0	 2.1104
880.0	 2.1151
884.0	 2.1199
888.0	 2.1247
892.0	 2.1296
896.0	 2.1345
900.0	 2.1396
904.0	 2.1447
908.0	 2.1498
912.0	 2.1550
916.0	 2.1603
920.0	 2.1657
924.0	 2.1711
928.0	 2.1766
932.0	 2.1822
936.0	 2.1878
940.0	 2.1935
944.0	 2.1993
948.0	 2.2051
952.0	 2.2110
956.0	 2.2170
960.0	 2.2231
964.0	 2.2293
968.0	 2.2355
972.0	 2.2419
976.0	 2.2483
980.0	 2.2548
984.0	 2.2615
988.0	 2.2682
992.0	 2.2751
996.0	 2.2820
1000.0	 2.2891
1004.0	 2.2963
1008.0	 2.3036
1012.0	 2.3111
1016.0	 2.3187
1020.0	 2.3264
1024.0	 2.3343
1028.0	 2.3424
1032.0	 2.3506
1036.0	 2.3590
1040.0	 2.3676
1044.0	 2.3764
1048.0	 2.3853
1052.0	 2.3945
1056.0	 2.4039
1060.0	 2.4136
1064.0	 2.4235
1068.0	 2.4336
1072.0	 2.4440
1076.0	 2.4547
1080.0	 2.4656
1084.0	 2.4768
1088.0	 2.4884
1092.0	 2.5002
1096.0	 2.5124
1100.0	 2.5249
1104.0	 2.5377
1108.0	 2.5508
1112.0	 2.5642
1116.0	 2.5778
1120.0	 2.5917
1124.0	 2.6055
1128.0	 2.6192
1132.0	 2.6321
1136.0	 2.6431
1140.0	 2.6490
1144.0	 2.6385
1148.0	 2.5486
1152.0	 2.0924
1156.0	 2.6597
1160.0	 2.7651
1164.0	 2.8020
1168.0	 2.8288
1172.0	 2.8536
1176.0	 2.8782
1180.0	 2.9032
1184.0	 2.9290
1188.0	 2.9556
1192.0	 2.9830
1196.0	 3.0114
1200.0	 3.0408
1204.0	 3.0711
1208.0	 3.1025
1212.0	 3.1349
1216.0	 3.1683
1220.0	 3.2028
1224.0	 3.2385
1228.0	 3.2752
1232.0	 3.3131
1236.0	 3.3521
1240.0	 3.3924
1244.0	 3.4338
1248.0	 3.4764
1252.0	 3.5202
1256.0	 3.5653
1260.0	 3.6116
1264.0	 3.6592
1268.0	 3.7080
1272.0	 3.7582
1276.0	 3.8096
1280.0	 3.8624
1284.0	 3.9166
1288.0	 3.9720
1292.0	 4.0289
1296.0	 4.0872
1300.0	 4.1469
1304.0	 4.2082
1308.0	 4.2709
1312.0	 4.3352
1316.0	 4.4012
1320.0	 4.4688
1324.0	 4.5383
1328.0	 4.6097
1332.0	 4.6831
1336.0	 4.7586
1340.0	 4.8366
1344.0	 4.9171
1348.0	 5.0004
1352.0	 5.0868
1356.0	 5.1768
1360.0	 5.2706
1364.0	 5.3689
1368.0	 5.4723
1372.0	 5.5815
1376.0	 5.6976
1380.0	 5.8216
1384.0	 5.9551
1388.0	 6.0998
1392.0	 6.2582
1396.0	 6.4331
1400.0	 6.6284
1404.0	 6.8493
1408.0	 7.1025
1412.0	 7.3974
1416.0	 7.7470
1420.0	 8.1697
1424.0	 8.6928
1428.0	 9.3573
1432.0	 10.2274
1436.0	 11.4074
1440.0	 13.0731
1444.0	 15.5305
1448.0	 19.3127
1452.0	 25.2386
1456.0	 33.7284
1460.0	 41.0201
1464.0	 37.7465
1468.0	 26.7380
1472.0	 17.9003
1476.0	 12.7793
1480.0	 9.9557
1484.0	 8.3588
1488.0	 7.4223
1492.0	 6.8581
1496.0	 6.5148
1500.0	 6.3102
1504.0	 6.1976
1508.0	 6.1508
1512.0	 6.1556
1516.0	 6.2069
1520.0	 6.3073
1524.0	 6.4702
1528.0	 6.7243
1532.0	 7.1112
1536.0	 7.4799
1540.0	 5.9707
1544.0	 4.0786
1548.0	 4.2433
1552.0	 4.5809
1556.0	 4.8327
1560.0	 5.0167
1564.0	 5.1575
1568.0	 5.2703
1572.0	 5.3644
1576.0	 5.4454
1580.0	 5.5169
1584.0	 5.5812
1588.0	 5.6402
1592.0	 5.6948
1596.0	 5.7460
1600.0	 5.7943
1604.0	 5.8403
1608.0	 5.8843
1612.0	 5.9267
1616.0	 5.9676
1620.0	 6.0072
1624.0	 6.0458
1628.0	 6.0834
1632.0	 6.1202
1636.0	 6.1562
1640.0	 6.1916
1644.0	 6.2264
1648.0	 6.2607
1652.0	 6.2944
1656.0	 6.3279
1660.0	 6.3609
1664.0	 6.3936
1668.0	 6.4260
1672.0	 6.4582
1676.0	 6.4902
1680.0	 6.5220
1684.0	 6.5536
1688.0	 6.5851
1692.0	 6.6165
1696.0	 6.6479
1700.0	 6.6792
1704.0	 6.7105
1708.0	 6.7418
1712.0	 6.7731
1716.0	 6.8044
1720.0	 6.8359
1724.0	 6.8674
1728.0	 6.8990
1732.0	 6.9308
1736.0	 6.9627
1740.0	 6.9948
1744.0	 7.0271
1748.0	 7.0597
1752.0	 7.0925
1756.0	 7.1255
1760.0	 7.1589
1764.0	 7.1926
1768.0	 7.2266
1772.0	 7.2610
1776.0	 7.2959
1780.0	 7.3311
1784.0	 7.3669
1788.0	 7.4031
1792.0	 7.4400
1796.0	 7.4774
1800.0	 7.5154
1804.0	 7.5541
1808.0	 7.5936
1812.0	 7.6338
1816.0	 7.6748
1820.0	 7.7168
1824.0	 7.7597
1828.0	 7.8037
1832.0	 7.8487
1836.0	 7.8950
1840.0	 7.9426
1844.0	 7.9916
1848.0	 8.0422
1852.0	 8.0944
1856.0	 8.1484
1860.0	 8.2045
1864.0	 8.2627
1868.0	 8.3233
1872.0	 8.3867
1876.0	 8.4530
1880.0	 8.5226
1884.0	 8.5959
1888.0	 8.6735
1892.0	 8.7559
1896.0	 8.8437
1900.0	 8.9378
1904.0	 9.0394
1908.0	 9.1496
1912.0	 9.2701
1916.0	 9.4031
1920.0	 9.5512
1924.0	 9.7184
1928.0	 9.9095
1932.0	 10.1318
1936.0	 10.3955
1940.0	 10.7158
1944.0	 11.1165
1948.0	 11.6362
1952.0	 12.3412
1956.0	 13.3537
1960.0	 14.9195
1964.0	 17.5865
1968.0	 22.7380
1972.0	 34.1031
1976.0	 55.9937
1980.0	 52.9924
1984.0	 28.7096
1988.0	 18.1591
1992.0	 14.1815
1996.0	 12.5147
2000.0	 11.7738
2004.0	 11.4622
2008.0	 11.3772
2012.0	 11.4266
2016.0	 11.5656
2020.0	 11.7717
2024.0	 12.0342
2028.0	 12.3491
2032.0	 12.7164
2036.0	 13.1397
2040.0	 13.6250
2044.0	 14.1811
2048.0	 14.8196
2052.0	 15.5550
2056.0	 16.4059
2060.0	 17.3951
2064.0	 18.5503
2068.0	 19.9050
2072.0	 21.4973
2076.0	 23.3689
2080.0	 25.5586
2084.0	 28.0900
2088.0	 30.9459
2092.0	 34.0287
2096.0	 37.1050
2100.0	 39.7653
2104.0	 41.4600
2108.0	 41.6761
2112.0	 40.2084
2116.0	 37.3131
2120.0	 33.5794
2124.0	 29.6347
2128.0	 25.9288
2132.0	 22.6875
2136.0	 19.9707
2140.0	 17.7471
2144.0	 15.9490
2148.0	 14.5013
2152.0	 13.3357
2156.0	 12.3948
2160.0	 11.6320
2164.0	 11.0108
2168.0	 10.5023
2172.0	 10.0839
2176.0	 9.7380
2180.0	 9.4510
2184.0	 9.2119
2188.0	 9.0121
2192.0	 8.8446
2196.0	 8.7039
2200.0	 8.5857
2204.0	 8.4863
2208.0	 8.4026
2212.0	 8.3324
2216.0	 8.2734
2220.0	 8.2243
2224.0	 8.1833
2228.0	 8.1495
2232.0	 8.1218
2236.0	 8.0993
2240.0	 8.0814
2244.0	 8.0673
2248.0	 8.0565
2252.0	 8.0486
2256.0	 8.0430
2260.0	 8.0393
2264.0	 8.0371
2268.0	 8.0359
2272.0	 8.0354
2276.0	 8.0350
2280.0	 8.0340
2284.0	 8.0316
2288.0	 8.0267
2292.0	 8.0176
2296.0	 8.0018
2300.0	 7.9749
2304.0	 7.9299
2308.0	 7.8531
2312.0	 7.7174
2316.0	 7.4638
2320.0	 6.9541
2324.0	 5.8983
2328.0	 4.3394
2332.0	 4.5441
2336.0	 6.1405
2340.0	 7.1325
2344.0	 7.6297
2348.0	 7.8982
2352.0	 8.0599
2356.0	 8.1674
2360.0	 8.2450
2364.0	 8.3051
2368.0	 8.3543
2372.0	 8.3963
2376.0	 8.4337
2380.0	 8.4677
2384.0	 8.4995
2388.0	 8.5295
2392.0	 8.5584
2396.0	 8.5864
2400.0	 8.6138
2404.0	 8.6407
2408.0	 8.6673
2412.0	 8.6937
2416.0	 8.7199
2420.0	 8.7461
2424.0	 8.7723
2428.0	 8.7984
2432.0	 8.8247
2436.0	 8.8511
2440.0	 8.8776
2444.0	 8.9043
2448.0	 8.9311
2452.0	 8.9582
2456.0	 8.9854
2460.0	 9.0129
2464.0	 9.0407
2468.0	 9.0687
2472.0	 9.0970
2476.0	 9.1256
2480.0	 9.1545
2484.0	 9.1838
2488.0	 9.2133
2492.0	 9.2433
2496.0	 9.2737
2500.0	 9.3044
