The data were generated by SigmaCalc version 2.0. Update of 07-01-15. File created 12-8-2020.
C-12(pp) at 140.0 deg.
 keV     RTR
360.0	 0.9861
380.0	 0.8686
390.0	 0.8018
400.0	 0.7216
405.0	 0.6745
410.0	 0.6215
415.0	 0.5618
420.0	 0.4950
425.0	 0.4215
430.0	 0.3442
435.0	 0.2717
440.0	 0.2252
445.0	 0.2526
450.0	 0.4456
451.0	 0.5151
452.0	 0.5973
453.0	 0.6928
454.0	 0.8019
455.0	 0.9245
456.0	 1.0600
457.0	 1.2071
458.0	 1.3639
459.0	 1.5280
460.0	 1.6964
461.0	 1.8658
462.0	 2.0326
463.0	 2.1935
464.0	 2.3455
465.0	 2.4861
470.0	 2.9744
475.0	 3.1339
480.0	 3.1043
485.0	 3.0004
490.0	 2.8797
495.0	 2.7650
500.0	 2.6634
505.0	 2.5761
510.0	 2.5018
515.0	 2.4389
520.0	 2.3857
525.0	 2.3406
530.0	 2.3024
540.0	 2.2425
550.0	 2.1994
560.0	 2.1689
570.0	 2.1480
580.0	 2.1346
590.0	 2.1271
600.0	 2.1244
620.0	 2.1305
640.0	 2.1481
660.0	 2.1745
680.0	 2.2077
700.0	 2.2465
720.0	 2.2901
740.0	 2.3379
760.0	 2.3892
780.0	 2.4438
800.0	 2.5014
820.0	 2.5617
840.0	 2.6246
860.0	 2.6899
880.0	 2.7575
900.0	 2.8274
920.0	 2.8993
940.0	 2.9734
960.0	 3.0494
980.0	 3.1274
1000.0	 3.2073
1020.0	 3.2891
1040.0	 3.3728
1060.0	 3.4584
1080.0	 3.5458
1100.0	 3.6352
1120.0	 3.7264
1140.0	 3.8196
1160.0	 3.9147
1180.0	 4.0118
1200.0	 4.1110
1220.0	 4.2124
1240.0	 4.3160
1260.0	 4.4219
1280.0	 4.5303
1300.0	 4.6413
1320.0	 4.7551
1340.0	 4.8719
1360.0	 4.9918
1380.0	 5.1152
1400.0	 5.2423
1420.0	 5.3734
1440.0	 5.5085
1460.0	 5.6479
1480.0	 5.7913
1500.0	 5.9381
1520.0	 6.0861
1540.0	 6.2310
1560.0	 6.3628
1580.0	 6.4591
1600.0	 6.4674
1605.0	 6.4436
1610.0	 6.4037
1615.0	 6.3438
1620.0	 6.2584
1625.0	 6.1407
1630.0	 5.9821
1635.0	 5.7717
1640.0	 5.4957
1645.0	 5.1378
1650.0	 4.6792
1660.0	 3.3915
1665.0	 2.5555
1670.0	 1.6398
1675.0	 0.7643
1680.0	 0.1483
1685.0	 0.0922
1690.0	 0.8760
1695.0	 2.6099
1700.0	 5.1694
1705.0	 8.2842
1707.0	 9.6227
1710.0	 11.6826
1712.0	 13.0724
1715.0	 15.1539
1716.0	 15.8409
1718.0	 17.1947
1720.0	 18.5085
1722.0	 19.7630
1725.0	 21.4814
1726.0	 21.9963
1727.0	 22.4757
1728.0	 22.9152
1729.0	 23.3104
1730.0	 23.6569
1731.0	 23.9504
1732.0	 24.1870
1733.0	 24.3630
1734.0	 24.4753
1735.0	 24.5214
1737.0	 24.4090
1740.0	 23.7330
1742.0	 22.9703
1745.0	 21.4495
1746.0	 20.8660
1747.0	 20.2555
1750.0	 18.3249
1752.0	 17.0150
1755.0	 15.1125
1756.0	 14.5090
1757.0	 13.9253
1760.0	 12.3062
1762.0	 11.3449
1765.0	 10.0817
1767.0	 9.3532
1770.0	 8.4161
1772.0	 7.8847
1775.0	 7.2094
1777.0	 6.8303
1780.0	 6.3523
1782.0	 6.0858
1785.0	 5.7519
1787.0	 5.5671
1790.0	 5.3371
1792.0	 5.2109
1795.0	 5.0556
1797.0	 4.9715
1800.0	 4.8698
1805.0	 4.7528
1810.0	 4.6857
1815.0	 4.6545
1820.0	 4.6497
1840.0	 4.7756
1860.0	 4.9947
1880.0	 5.2311
1900.0	 5.4613
1920.0	 5.6789
1940.0	 5.8830
1960.0	 6.0746
1980.0	 6.2553
2000.0	 6.4267
2020.0	 6.5902
2040.0	 6.7469
2060.0	 6.8978
2080.0	 7.0438
2100.0	 7.1855
2120.0	 7.3236
2140.0	 7.4584
2160.0	 7.5905
2180.0	 7.7200
2200.0	 7.8475
2220.0	 7.9730
2240.0	 8.0967
2260.0	 8.2190
2280.0	 8.3398
2300.0	 8.4594
2320.0	 8.5779
2340.0	 8.6954
2360.0	 8.8120
2380.0	 8.9277
2400.0	 9.0427
2420.0	 9.1569
2440.0	 9.2704
2460.0	 9.3834
2480.0	 9.4959
2500.0	 9.6079
2520.0	 9.7195
2540.0	 9.8305
2560.0	 9.9413
2580.0	 10.0517
2600.0	 10.1618
2701.0	 10.2638
2800.0	 10.8270
2900.0	 11.4117
3000.0	 12.0157
3100.0	 12.6436
3200.0	 13.3005
3294.0	 13.9501
3302.0	 14.0070
3400.0	 14.7277
3500.0	 15.5141
3550.0	 15.9298
3600.0	 16.3622
3650.0	 16.8131
3700.0	 17.2840
3750.0	 17.7769
3794.0	 18.2303
3810.0	 18.4000
3850.0	 18.8363
3900.0	 19.4074
3950.0	 20.0093
4020.0	 20.9090
4094.0	 21.9407
4112.0	 22.2054
4122.0	 22.3549
4132.0	 22.5062
4150.0	 22.7831
4200.0	 23.5848
4250.0	 24.4374
4300.0	 25.3456
4350.0	 26.3143
4400.0	 27.3491
4450.0	 28.4563
4495.0	 29.5209
4550.0	 30.9203
4600.0	 32.3007
4650.0	 33.8108
4695.0	 35.3391
4720.0	 36.3239
4745.0	 37.5636
4770.0	 39.7875
4775.0	 40.6370
4779.0	 41.5732
4783.0	 42.8985
4787.0	 44.9117
4791.0	 48.2511
4795.0	 54.4417
4797.0	 59.6757
4799.0	 67.4962
4803.0	 96.5695
4805.0	 116.8747
4807.0	 128.0506
4811.0	 97.7794
4813.0	 79.7580
4815.0	 67.4233
4819.0	 54.2374
4821.0	 50.7519
4823.0	 48.3484
4825.0	 46.6444
4827.0	 45.4071
4829.0	 44.4913
4831.0	 43.8023
4833.0	 43.2776
4835.0	 42.8745
4837.0	 42.5630
4839.0	 42.3219
4841.0	 42.1355
4842.0	 42.0592
4845.0	 41.8842
4850.0	 41.7252
4855.0	 41.6761
4860.0	 41.6981
4870.0	 41.8722
4895.0	 42.6639
4950.0	 45.0042
5000.0	 47.4570
5050.0	 50.1725
5095.0	 52.8593
5103.0	 53.3630
5195.0	 59.6864
5199.0	 59.9748
5203.0	 60.2625
5220.0	 61.4649
5245.0	 63.0654
5270.0	 64.1140
5295.0	 63.7715
5320.0	 60.4005
5345.0	 52.1180
5370.0	 40.6570
5385.0	 35.3575
5388.0	 34.6188
5395.0	 33.3545
5407.0	 32.5949
5420.0	 33.3585
5430.0	 34.6800
5445.0	 37.2844
5460.0	 40.1614
5480.0	 43.9418
5495.0	 46.5904
5510.0	 49.0458
5530.0	 52.0304
5550.0	 54.7241
5570.0	 57.1753
5590.0	 59.4288
5610.0	 61.5272
5630.0	 63.5306
5650.0	 64.8515
5670.0	 66.5585
5695.0	 68.6324
5710.0	 69.7441
5730.0	 71.1133
5750.0	 72.3546
5795.0	 74.6020
5825.0	 75.5966
5855.0	 76.4576
5875.0	 77.8984
5895.0	 81.3808
5910.0	 84.9823
5925.0	 88.1427
5950.0	 91.3162
5975.0	 92.9254
5995.0	 93.7980
6020.0	 94.7048
6045.0	 95.5173
6070.0	 96.2649
6095.0	 96.9472
6120.0	 97.5560
6145.0	 98.0814
6165.0	 98.4349
6195.0	 98.8433
6230.0	 99.1173
6275.0	 99.1181
6305.0	 98.8821
6345.0	 98.2540
6395.0	 96.9439
6420.0	 96.0651
6440.0	 95.2545
6460.0	 94.3491
6480.0	 93.3507
6495.0	 92.5423
6520.0	 91.0858
6550.0	 89.1683
6600.0	 85.6119
6650.0	 81.7052
6695.0	 78.0055
6750.0	 73.4166
6800.0	 69.3393
6850.0	 65.4872
6900.0	 61.9551
6950.0	 58.7982
7000.0	 56.0290
7050.0	 53.6223
7100.0	 51.5182
