4	31	168																																																																																																																																																																					
30	35	40	45	50	55	60	65	70	75	80	85	90	95	100	105	110	115	120	125	130	135	140	145	150	155	160	165	170	175	180																																																																																																																																									
545	552	559	571	582	593	601	608	623	634	646	649	653	660	660	664	671	675	682	689	700	704	711	730	741	752	760	767	775	780	785	780	785	790	795	800	805	810	815	820	825	828	831	832	835	839	842	843	844	845	848	852	856	859	861	863	865	869	872	873	875	878	882	889	896	911	919	922	926	930	934	938	942	946	957	964	968	976	983	994	1006	1013	1021	1028	1055	1058	1070	1089	1092	1096	1104	1108	1108	1115	1127	1131	1134	1134	1145	1157	1172	1179	1195	1213	1247	1255	1270	1274	1296	1315	1319	1338	1338	1341	1341	1345	1345	1349	1352	1356	1366	1366	1374	1378	1382	1382	1386	1389	1393	1396	1400	1408	1412	1415	1418	1421	1423	1426	1429	1433	1442	1449	1460	1471	1482	1494	1501	1513	1524	1535	1554	1576	1595	1603	1610	1618	1640	1651	1659	1662	1670	1689	1696	1700	1704	1712	1728	1735
1	1	1	1	1	1	1	1	1	1	1	1	1	1	1	1	1	1	1	1	1	1	1	1	1	1	1	1	1	1	1																																																																																																																																									
1.0012	1.0014	1.0013	1.001	1.0007	1.0005	1.0003	1.0002	1	0.9996	0.999	0.998	0.9966	0.9947	0.9925	0.9898	0.9868	0.9836	0.9802	0.9767	0.9732	0.9698	0.9666	0.9636	0.9609	0.9586	0.9566	0.955	0.9539	0.9532	0.953																																																																																																																																									
1.0015	1.0015	1.0012	1.0007	1.0003	1	0.9999	0.9999	0.9998	0.9994	0.9988	0.9976	0.996	0.9937	0.991	0.9877	0.984	0.98	0.9758	0.9715	0.9672	0.9631	0.9591	0.9554	0.9521	0.9492	0.9468	0.9449	0.9435	0.9427	0.9424																																																																																																																																									
1.0018	1.0012	1.0003	0.9993	0.9987	0.9985	0.9987	0.9991	0.9993	0.9992	0.9985	0.9969	0.9945	0.9912	0.987	0.9821	0.9765	0.9705	0.9641	0.9577	0.9513	0.9451	0.9393	0.9339	0.929	0.9248	0.9213	0.9185	0.9165	0.9153	0.9149																																																																																																																																									
1.0014	0.9995	0.9976	0.9963	0.996	0.9965	0.9977	0.9989	0.9999	1	0.9989	0.9964	0.9924	0.9869	0.9801	0.9722	0.9635	0.9541	0.9445	0.9348	0.9254	0.9164	0.9079	0.9003	0.8935	0.8876	0.8827	0.8789	0.8762	0.8745	0.874																																																																																																																																									
0.9981	0.9948	0.9928	0.9927	0.9944	0.9974	1.0008	1.0036	1.005	1.0044	1.0015	0.9962	0.9886	0.979	0.9678	0.9554	0.9423	0.9289	0.9156	0.9028	0.8908	0.8797	0.8697	0.8609	0.8533	0.8469	0.8418	0.8379	0.8351	0.8334	0.8329																																																																																																																																									
0.9942	0.9917	0.9918	0.9946	0.9993	1.0045	1.0091	1.0119	1.0122	1.0096	1.0041	0.9958	0.9852	0.9729	0.9594	0.9453	0.9313	0.9177	0.9049	0.8933	0.8829	0.8739	0.8663	0.8599	0.8548	0.8508	0.8477	0.8455	0.844	0.8431	0.8428																																																																																																																																									
0.9925	0.9921	0.9949	1.0002	1.0066	1.0126	1.0168	1.0184	1.0168	1.0121	1.0044	0.9943	0.9824	0.9694	0.956	0.9427	0.9301	0.9186	0.9084	0.8997	0.8925	0.8868	0.8824	0.8792	0.877	0.8756	0.8747	0.8743	0.8741	0.874	0.874																																																																																																																																									
0.9936	0.9977	1.0046	1.0125	1.0197	1.0247	1.0265	1.0247	1.0194	1.0111	1.0003	0.9879	0.9747	0.9613	0.9485	0.9367	0.9262	0.9174	0.9102	0.9047	0.9008	0.8983	0.897	0.8966	0.897	0.8977	0.8987	0.8997	0.9005	0.9011	0.9012																																																																																																																																									
0.9956	1.0026	1.012	1.0214	1.0288	1.0328	1.0326	1.0282	1.0199	1.0084	0.9946	0.9793	0.9636	0.948	0.9333	0.9199	0.9083	0.8984	0.8905	0.8844	0.8801	0.8772	0.8756	0.8749	0.875	0.8756	0.8765	0.8773	0.8781	0.8786	0.8788																																																																																																																																									
0.9992	1.0112	1.0249	1.0369	1.0448	1.0471	1.0435	1.0341	1.0197	1.0015	0.9808	0.9586	0.9362	0.9144	0.894	0.8756	0.8595	0.8458	0.8346	0.8257	0.819	0.8143	0.8111	0.8093	0.8084	0.8083	0.8085	0.809	0.8095	0.8098	0.8099																																																																																																																																									
1.0009	1.0148	1.0301	1.0431	1.0511	1.0526	1.0474	1.0358	1.0188	0.9976	0.9738	0.9486	0.9233	0.8988	0.876	0.8554	0.8374	0.8221	0.8096	0.7997	0.7921	0.7867	0.7831	0.7809	0.7798	0.7795	0.7796	0.78	0.7805	0.7808	0.7809																																																																																																																																									
1.0042	1.0218	1.04	1.0544	1.0622	1.062	1.0535	1.0375	1.0153	0.9886	0.9591	0.9283	0.8976	0.8683	0.8411	0.8168	0.7956	0.7777	0.7631	0.7516	0.7429	0.7366	0.7325	0.73	0.7287	0.7284	0.7286	0.7291	0.7296	0.7299	0.7301																																																																																																																																									
1.0194	1.0482	1.0738	1.09	1.0935	1.0833	1.0603	1.0268	0.9852	0.9387	0.8898	0.8411	0.7944	0.7514	0.713	0.68	0.6525	0.6305	0.6137	0.6017	0.5938	0.5894	0.5878	0.5883	0.5902	0.593	0.596	0.5989	0.6012	0.6027	0.6032																																																																																																																																									
1.0194	1.0482	1.0738	1.09	1.0935	1.0833	1.0603	1.0268	0.9852	0.9387	0.8898	0.8411	0.7944	0.7514	0.713	0.68	0.6525	0.6305	0.6137	0.6017	0.5938	0.5894	0.5878	0.5883	0.5902	0.593	0.596	0.5989	0.6012	0.6027	0.6032																																																																																																																																									
1.0468	1.0853	1.1121	1.1206	1.1084	1.0766	1.0285	0.9686	0.9016	0.832	0.7637	0.6999	0.6429	0.5941	0.5546	0.5244	0.5034	0.4908	0.4859	0.4873	0.4941	0.5047	0.5181	0.5331	0.5484	0.5631	0.5764	0.5875	0.5959	0.601	0.6028																																																																																																																																									
1.0742	1.0568	1.0112	0.9456	0.8702	0.795	0.7284	0.6765	0.6434	0.6311	0.64	0.6691	0.7169	0.7809	0.8584	0.9465	1.0423	1.1431	1.2461	1.3491	1.4497	1.546	1.6364	1.7194	1.7936	1.8581	1.9119	1.9545	1.9853	2.0039	2.0101																																																																																																																																									
1.0251	0.996	0.9542	0.9079	0.8644	0.8298	0.8077	0.8003	0.8081	0.8307	0.8667	0.9143	0.9716	1.0363	1.1065	1.1801	1.2554	1.3308	1.4048	1.4763	1.5441	1.6076	1.6658	1.7183	1.7647	1.8044	1.8372	1.863	1.8815	1.8927	1.8964																																																																																																																																									
1.0018	0.9815	0.9577	0.9351	0.9172	0.9065	0.9042	0.9103	0.9246	0.9462	0.974	1.0068	1.0434	1.0827	1.1235	1.1651	1.2065	1.247	1.2862	1.3234	1.3583	1.3906	1.42	1.4463	1.4694	1.489	1.5052	1.5178	1.5269	1.5324	1.5342																																																																																																																																									
0.9971	0.9826	0.967	0.9532	0.9435	0.9391	0.9404	0.9473	0.9593	0.9759	0.9962	1.0195	1.0449	1.0718	1.0995	1.1275	1.1552	1.1823	1.2085	1.2333	1.2566	1.2782	1.2978	1.3154	1.3308	1.344	1.3549	1.3634	1.3695	1.3732	1.3744																																																																																																																																									
0.9953	0.9855	0.9758	0.968	0.9631	0.9619	0.9644	0.9704	0.9794	0.9912	1.0051	1.0207	1.0377	1.0554	1.0738	1.0923	1.1107	1.1288	1.1463	1.1631	1.1789	1.1936	1.2071	1.2193	1.2301	1.2393	1.247	1.253	1.2573	1.2599	1.2607																																																																																																																																									
0.9951	0.9864	0.9779	0.9713	0.9675	0.9668	0.9694	0.975	0.9832	0.9938	1.0062	1.0202	1.0352	1.051	1.0673	1.0838	1.1003	1.1165	1.1323	1.1474	1.1617	1.1751	1.1874	1.1985	1.2083	1.2168	1.2238	1.2293	1.2332	1.2356	1.2364																																																																																																																																									
0.9949	0.9877	0.9809	0.9759	0.9732	0.9732	0.9758	0.9808	0.9879	0.9969	1.0073	1.0189	1.0314	1.0447	1.0583	1.0722	1.0861	1.0999	1.1134	1.1264	1.1388	1.1504	1.1612	1.1709	1.1796	1.187	1.1933	1.1981	1.2017	1.2038	1.2045																																																																																																																																									
0.995	0.9903	0.9864	0.9838	0.9829	0.9837	0.986	0.9898	0.9948	1.0008	1.0077	1.0153	1.0237	1.0325	1.0418	1.0514	1.0612	1.0711	1.0809	1.0906	1.0999	1.1088	1.1172	1.1248	1.1317	1.1377	1.1427	1.1467	1.1496	1.1513	1.1519																																																																																																																																									
0.9952	0.9916	0.9887	0.9871	0.9867	0.9877	0.9898	0.9929	0.9969	1.0017	1.0072	1.0132	1.0199	1.027	1.0346	1.0426	1.0508	1.0593	1.0678	1.0762	1.0845	1.0924	1.0999	1.1068	1.113	1.1185	1.1231	1.1268	1.1294	1.131	1.1316																																																																																																																																									
0.9956	0.9928	0.9909	0.9899	0.99	0.9911	0.9929	0.9954	0.9985	1.0021	1.0062	1.0109	1.0161	1.0218	1.0279	1.0345	1.0414	1.0487	1.056	1.0635	1.0708	1.078	1.0848	1.0911	1.0968	1.1019	1.1062	1.1096	1.1121	1.1136	1.1141																																																																																																																																									
0.9959	0.9938	0.9925	0.992	0.9923	0.9933	0.9949	0.9969	0.9993	1.0021	1.0053	1.0089	1.0131	1.0177	1.0229	1.0285	1.0346	1.041	1.0476	1.0544	1.0612	1.0678	1.0741	1.0801	1.0855	1.0903	1.0944	1.0976	1.1	1.1015	1.1019																																																																																																																																									
0.9963	0.9947	0.9939	0.9938	0.9943	0.9953	0.9965	0.998	0.9998	1.0018	1.0041	1.0069	1.0101	1.0139	1.0182	1.023	1.0283	1.034	1.04	1.0462	1.0524	1.0586	1.0646	1.0702	1.0754	1.08	1.0839	1.087	1.0893	1.0907	1.0912																																																																																																																																									
0.9968	0.996	0.9958	0.9961	0.9967	0.9975	0.9983	0.9992	1.0001	1.0011	1.0024	1.0041	1.0062	1.0088	1.0121	1.0159	1.0203	1.0251	1.0304	1.0359	1.0416	1.0473	1.0529	1.0582	1.0631	1.0674	1.0712	1.0742	1.0763	1.0777	1.0781																																																																																																																																									
0.9973	0.9969	0.9971	0.9976	0.9983	0.9989	0.9994	0.9998	1.0001	1.0005	1.001	1.0019	1.0033	1.0052	1.0077	1.0109	1.0146	1.019	1.0237	1.0289	1.0342	1.0396	1.0449	1.05	1.0547	1.0589	1.0625	1.0654	1.0676	1.0689	1.0693																																																																																																																																									
0.9978	0.9979	0.9985	0.9993	1	1.0004	1.0006	1.0004	1	0.9996	0.9993	0.9993	0.9999	1.001	1.0027	1.0052	1.0083	1.0121	1.0163	1.021	1.026	1.031	1.0361	1.0409	1.0455	1.0496	1.0531	1.0559	1.058	1.0593	1.0597																																																																																																																																									
0.9973	0.9969	0.9971	0.9976	0.9983	0.9989	0.9994	0.9998	1.0001	1.0005	1.001	1.0019	1.0033	1.0052	1.0077	1.0109	1.0146	1.019	1.0237	1.0289	1.0342	1.0396	1.0449	1.05	1.0547	1.0589	1.0625	1.0654	1.0676	1.0689	1.0693																																																																																																																																									
0.9978	0.9979	0.9985	0.9993	1	1.0004	1.0006	1.0004	1	0.9996	0.9993	0.9993	0.9999	1.001	1.0027	1.0052	1.0083	1.0121	1.0163	1.021	1.026	1.031	1.0361	1.0409	1.0455	1.0496	1.0531	1.0559	1.058	1.0593	1.0597																																																																																																																																									
0.9985	0.9992	1.0001	1.0011	1.0018	1.002	1.0017	1.0008	0.9996	0.9983	0.9971	0.9962	0.9958	0.996	0.9969	0.9986	1.0011	1.0042	1.008	1.0122	1.0167	1.0215	1.0263	1.0309	1.0353	1.0393	1.0427	1.0454	1.0475	1.0487	1.0491																																																																																																																																									
0.9993	1.0006	1.0021	1.0032	1.0039	1.0037	1.0027	1.0011	0.999	0.9966	0.9943	0.9924	0.9909	0.9901	0.9901	0.991	0.9927	0.9951	0.9983	1.0021	1.0062	1.0107	1.0152	1.0196	1.0239	1.0277	1.031	1.0337	1.0357	1.037	1.0374																																																																																																																																									
1.0004	1.0024	1.0043	1.0057	1.0061	1.0055	1.0038	1.0011	0.9979	0.9943	0.9907	0.9875	0.9848	0.9829	0.9818	0.9818	0.9827	0.9844	0.987	0.9903	0.9941	0.9982	1.0025	1.0068	1.0108	1.0146	1.0179	1.0205	1.0225	1.0237	1.0241																																																																																																																																									
1.0018	1.0046	1.007	1.0085	1.0087	1.0074	1.0046	1.0007	0.9961	0.991	0.9859	0.9811	0.9771	0.9738	0.9716	0.9705	0.9706	0.9716	0.9736	0.9764	0.9798	0.9837	0.9878	0.9919	0.9959	0.9996	1.0029	1.0056	1.0075	1.0088	1.0092																																																																																																																																									
1.0037	1.0074	1.0104	1.0119	1.0116	1.0093	1.0052	0.9997	0.9932	0.9862	0.9792	0.9727	0.967	0.9622	0.9587	0.9565	0.9556	0.9559	0.9574	0.9598	0.9629	0.9666	0.9706	0.9748	0.9788	0.9826	0.9859	0.9887	0.9907	0.992	0.9924																																																																																																																																									
1.0063	1.011	1.0146	1.0159	1.0147	1.011	1.005	0.9973	0.9884	0.9791	0.9698	0.9611	0.9534	0.947	0.9421	0.9387	0.9369	0.9366	0.9376	0.9398	0.9429	0.9467	0.9509	0.9553	0.9596	0.9636	0.9672	0.9702	0.9724	0.9738	0.9742																																																																																																																																									
1.0099	1.0159	1.0198	1.0206	1.0179	1.0119	1.0032	0.9924	0.9804	0.9679	0.9557	0.9445	0.9346	0.9263	0.92	0.9157	0.9133	0.9128	0.9139	0.9163	0.9199	0.9243	0.9293	0.9344	0.9395	0.9443	0.9485	0.952	0.9546	0.9562	0.9567																																																																																																																																									
1.0154	1.0226	1.0263	1.0255	1.0201	1.0105	0.9977	0.9825	0.9662	0.9498	0.9341	0.92	0.9079	0.8981	0.891	0.8865	0.8845	0.8848	0.8871	0.8911	0.8965	0.9029	0.9098	0.9168	0.9237	0.9302	0.9358	0.9405	0.9439	0.9461	0.9468																																																																																																																																									
1.0198	1.0275	1.0305	1.028	1.0199	1.0071	0.9907	0.9721	0.9527	0.9335	0.9157	0.8999	0.8869	0.8769	0.8701	0.8665	0.8658	0.8678	0.8722	0.8785	0.8863	0.895	0.9043	0.9136	0.9226	0.9309	0.9382	0.9441	0.9485	0.9512	0.9522																																																																																																																																									
1.0252	1.0328	1.0342	1.0287	1.0168	0.9996	0.9789	0.9562	0.9333	0.9114	0.8918	0.8752	0.8623	0.8533	0.8483	0.8471	0.8495	0.8551	0.8633	0.8737	0.8856	0.8985	0.9117	0.9248	0.9372	0.9485	0.9583	0.9663	0.9722	0.9758	0.977																																																																																																																																									
1.0272	1.0346	1.0351	1.0283	1.0147	0.9958	0.9734	0.9493	0.9252	0.9026	0.8826	0.866	0.8536	0.8454	0.8415	0.8417	0.8457	0.8531	0.8632	0.8755	0.8894	0.9041	0.9192	0.934	0.9479	0.9606	0.9715	0.9804	0.9869	0.9909	0.9923																																																																																																																																									
1.0334	1.0388	1.0354	1.0232	1.0036	0.9787	0.951	0.9227	0.8958	0.872	0.8524	0.8378	0.8287	0.8252	0.8271	0.834	0.8454	0.8605	0.8787	0.8992	0.921	0.9435	0.9659	0.9874	1.0075	1.0254	1.0408	1.0532	1.0623	1.0679	1.0698																																																																																																																																									
1.0387	1.0375	1.0249	1.0026	0.9734	0.9406	0.9075	0.8767	0.8506	0.8307	0.8179	0.8129	0.8156	0.8257	0.8427	0.8657	0.8937	0.9259	0.9609	0.9978	1.0355	1.0729	1.1091	1.1432	1.1743	1.2019	1.2253	1.244	1.2577	1.266	1.2687																																																																																																																																									
1.0362	1.0272	1.0062	0.9765	0.942	0.9068	0.8742	0.8472	0.8277	0.8169	0.8154	0.8232	0.8399	0.8649	0.897	0.9353	0.9784	1.025	1.0739	1.1239	1.1737	1.2222	1.2684	1.3114	1.3503	1.3845	1.4133	1.4362	1.4528	1.4629	1.4663																																																																																																																																									
1.0338	1.0221	0.9986	0.9671	0.9319	0.897	0.8659	0.8414	0.8251	0.8183	0.8212	0.8337	0.8554	0.8852	0.9221	0.965	1.0124	1.0631	1.1157	1.1691	1.2219	1.2731	1.3216	1.3667	1.4073	1.4429	1.4728	1.4966	1.5138	1.5242	1.5277																																																																																																																																									
1.0308	1.0165	0.9909	0.9582	0.9227	0.8888	0.8598	0.8381	0.8255	0.8227	0.8301	0.8472	0.8734	0.9077	0.9489	0.9957	1.0468	1.1008	1.1564	1.2122	1.2673	1.3204	1.3706	1.4169	1.4587	1.4951	1.5257	1.55	1.5676	1.5782	1.5818																																																																																																																																									
1.0274	1.0107	0.9835	0.95	0.915	0.8825	0.8559	0.8374	0.8285	0.8299	0.8415	0.8629	0.8932	0.9314	0.9761	1.0261	1.0799	1.1363	1.1939	1.2515	1.3079	1.3621	1.4131	1.46	1.5022	1.539	1.5698	1.5942	1.6119	1.6226	1.6262																																																																																																																																									
1.0162	0.9948	0.9653	0.9325	0.9012	0.8751	0.8568	0.8481	0.8496	0.8615	0.8832	0.914	0.9526	0.9979	1.0484	1.1029	1.1599	1.2183	1.2769	1.3345	1.3903	1.4433	1.4926	1.5378	1.578	1.6129	1.6421	1.665	1.6817	1.6917	1.6951																																																																																																																																									
1.0041	0.9809	0.9527	0.9244	0.9001	0.8827	0.8741	0.8751	0.8858	0.9058	0.9341	0.9696	1.0112	1.0574	1.1072	1.1592	1.2123	1.2655	1.318	1.3688	1.4173	1.4628	1.5049	1.5429	1.5767	1.6058	1.6299	1.6489	1.6625	1.6708	1.6735																																																																																																																																									
0.9969	0.9743	0.9489	0.9252	0.9067	0.8957	0.8933	0.8998	0.915	0.9381	0.9679	1.0033	1.0431	1.0861	1.1311	1.1772	1.2234	1.2689	1.3131	1.3554	1.3953	1.4324	1.4663	1.4968	1.5236	1.5466	1.5656	1.5804	1.5911	1.5976	1.5997																																																																																																																																									
0.9939	0.972	0.9483	0.9272	0.9118	0.9039	0.9044	0.9134	0.9303	0.9542	0.9839	1.0182	1.0558	1.0957	1.1369	1.1783	1.2194	1.2593	1.2976	1.3339	1.3678	1.399	1.4274	1.4527	1.4748	1.4937	1.5092	1.5213	1.53	1.5352	1.5369																																																																																																																																									
0.9925	0.9709	0.9481	0.9282	0.9142	0.9079	0.9099	0.9201	0.9378	0.962	0.9914	1.0249	1.0611	1.099	1.1376	1.1761	1.2139	1.2502	1.2848	1.3172	1.3473	1.3748	1.3996	1.4216	1.4407	1.4569	1.4702	1.4806	1.488	1.4924	1.4939																																																																																																																																									
0.9914	0.9698	0.9475	0.9284	0.9155	0.9104	0.9137	0.925	0.9434	0.9679	0.9972	1.0298	1.0647	1.1007	1.1369	1.1725	1.2068	1.2396	1.2703	1.2988	1.325	1.3486	1.3697	1.3883	1.4043	1.4178	1.4288	1.4373	1.4434	1.4471	1.4483																																																																																																																																									
0.9904	0.9684	0.9458	0.9271	0.915	0.911	0.9155	0.9279	0.9473	0.9724	1.0016	1.0337	1.0673	1.1013	1.1349	1.1673	1.1981	1.2268	1.2533	1.2774	1.299	1.3183	1.3353	1.35	1.3625	1.3729	1.3813	1.3877	1.3923	1.395	1.3959																																																																																																																																									
0.9853	0.9589	0.9336	0.9142	0.9037	0.903	0.9119	0.929	0.9525	0.9803	1.0104	1.041	1.0707	1.0984	1.1234	1.1453	1.1638	1.179	1.1913	1.2007	1.2078	1.213	1.2165	1.2188	1.2202	1.2209	1.2212	1.2213	1.2213	1.2212	1.2212																																																																																																																																									
0.9615	0.9297	0.9055	0.8932	0.8939	0.9064	0.9278	0.9547	0.9837	1.0117	1.0363	1.0561	1.07	1.078	1.0802	1.0774	1.0704	1.0604	1.0483	1.0352	1.0218	1.0089	0.9969	0.9862	0.977	0.9694	0.9634	0.9588	0.9557	0.9538	0.9532																																																																																																																																									
0.9503	0.9232	0.9069	0.904	0.9136	0.9329	0.9582	0.9856	1.0118	1.0342	1.0512	1.062	1.0666	1.0655	1.0597	1.0504	1.0388	1.0262	1.0137	1.002	0.9919	0.9836	0.9774	0.9731	0.9705	0.9694	0.9692	0.9696	0.9701	0.9706	0.9708																																																																																																																																									
0.9561	0.9441	0.942	0.949	0.963	0.9809	0.9998	1.0176	1.0326	1.0443	1.0526	1.058	1.0614	1.0638	1.0664	1.0699	1.0753	1.0831	1.0935	1.1065	1.1219	1.1392	1.1578	1.1769	1.1958	1.2135	1.2293	1.2424	1.2522	1.2583	1.2604																																																																																																																																									
0.9726	0.9657	0.9643	0.9678	0.9752	0.9848	0.9954	1.0063	1.017	1.0275	1.0381	1.0492	1.0613	1.075	1.0906	1.1083	1.1283	1.1505	1.1746	1.2003	1.2269	1.2539	1.2807	1.3064	1.3304	1.352	1.3706	1.3856	1.3967	1.4035	1.4057																																																																																																																																									
0.9798	0.9731	0.9699	0.9704	0.974	0.98	0.9879	0.997	1.0074	1.0188	1.0315	1.0455	1.0612	1.0787	1.098	1.1191	1.1418	1.166	1.1913	1.2173	1.2434	1.2692	1.2942	1.3177	1.3394	1.3586	1.3749	1.388	1.3976	1.4034	1.4054																																																																																																																																									
0.9836	0.9769	0.9729	0.972	0.974	0.9785	0.9851	0.9936	1.0037	1.0153	1.0284	1.0431	1.0593	1.077	1.0962	1.1167	1.1384	1.161	1.1841	1.2075	1.2306	1.2531	1.2746	1.2947	1.313	1.3291	1.3427	1.3536	1.3616	1.3664	1.368																																																																																																																																									
0.9851	0.9789	0.9751	0.9741	0.9758	0.9799	0.986	0.994	1.0035	1.0146	1.0271	1.041	1.0563	1.0729	1.0908	1.1099	1.1298	1.1505	1.1715	1.1927	1.2135	1.2337	1.253	1.2709	1.2872	1.3015	1.3136	1.3232	1.3302	1.3345	1.3359																																																																																																																																									
0.9875	0.9828	0.9801	0.9796	0.9813	0.9847	0.9898	0.9962	1.0039	1.0127	1.0227	1.0339	1.0462	1.0597	1.0744	1.09	1.1065	1.1236	1.1411	1.1587	1.1762	1.1932	1.2094	1.2245	1.2382	1.2503	1.2605	1.2686	1.2746	1.2782	1.2794																																																																																																																																									
0.9896	0.986	0.9841	0.9838	0.9852	0.9878	0.9915	0.9962	1.0019	1.0084	1.0161	1.0248	1.0346	1.0457	1.058	1.0713	1.0856	1.1007	1.1163	1.1322	1.1481	1.1636	1.1785	1.1925	1.2052	1.2165	1.226	1.2337	1.2392	1.2426	1.2437																																																																																																																																									
0.9909	0.9879	0.9862	0.986	0.9869	0.9889	0.9917	0.9952	0.9995	1.0047	1.0109	1.0182	1.0267	1.0365	1.0475	1.0598	1.073	1.0872	1.102	1.1171	1.1324	1.1474	1.1618	1.1754	1.1878	1.1988	1.2081	1.2156	1.221	1.2244	1.2255																																																																																																																																									
0.9938	0.9917	0.9903	0.9896	0.9894	0.9895	0.9899	0.9908	0.9923	0.9945	0.9978	1.0023	1.0082	1.0155	1.0244	1.0347	1.0463	1.0591	1.0727	1.0869	1.1013	1.1157	1.1297	1.1429	1.155	1.1658	1.175	1.1824	1.1878	1.1911	1.1922																																																																																																																																									
0.9999	0.9984	0.9959	0.9925	0.9883	0.9834	0.9783	0.9733	0.9689	0.9657	0.9639	0.964	0.9661	0.9704	0.9768	0.9854	0.9959	1.0081	1.0215	1.0359	1.0509	1.066	1.0808	1.095	1.1081	1.1198	1.1298	1.1378	1.1437	1.1473	1.1485																																																																																																																																									
1.0061	0.9975	0.9847	0.9692	0.9525	0.9359	0.9209	0.9084	0.8992	0.894	0.893	0.8964	0.9042	0.9162	0.9319	0.9511	0.973	0.9971	1.0228	1.0494	1.0762	1.1026	1.128	1.1519	1.1736	1.1928	1.2091	1.2221	1.2316	1.2373	1.2393																																																																																																																																									
0.9853	0.9688	0.9526	0.9388	0.9292	0.9245	0.9253	0.9315	0.943	0.9594	0.9802	1.0049	1.0329	1.0637	1.0965	1.1309	1.1662	1.2019	1.2374	1.2721	1.3056	1.3375	1.3671	1.3943	1.4185	1.4396	1.4571	1.471	1.4811	1.4872	1.4892																																																																																																																																									
0.9808	0.9685	0.9586	0.9525	0.9508	0.9538	0.9612	0.9727	0.9878	1.006	1.027	1.0501	1.0752	1.1017	1.1292	1.1574	1.186	1.2145	1.2426	1.2699	1.2962	1.321	1.3442	1.3653	1.3842	1.4005	1.4142	1.425	1.4328	1.4376	1.4392																																																																																																																																									
0.9811	0.9714	0.9643	0.961	0.9617	0.9664	0.9748	0.9864	1.0007	1.0174	1.0361	1.0565	1.0783	1.1011	1.1248	1.149	1.1735	1.198	1.2222	1.2458	1.2685	1.29	1.3102	1.3286	1.3451	1.3594	1.3714	1.3809	1.3878	1.392	1.3934																																																																																																																																									
0.9827	0.9757	0.9714	0.9705	0.9729	0.9784	0.9866	0.9971	1.0095	1.0234	1.0388	1.0554	1.073	1.0914	1.1106	1.1303	1.1504	1.1706	1.1907	1.2105	1.2296	1.248	1.2652	1.281	1.2953	1.3078	1.3182	1.3265	1.3326	1.3362	1.3375																																																																																																																																									
0.9833	0.977	0.9735	0.9732	0.976	0.9816	0.9896	0.9996	1.0113	1.0243	1.0386	1.054	1.0703	1.0874	1.1053	1.1237	1.1425	1.1616	1.1806	1.1993	1.2176	1.235	1.2515	1.2667	1.2804	1.2924	1.3025	1.3105	1.3164	1.3199	1.3211																																																																																																																																									
0.9835	0.9776	0.9745	0.9744	0.9773	0.983	0.9909	1.0006	1.012	1.0247	1.0385	1.0533	1.0691	1.0857	1.103	1.1209	1.1392	1.1578	1.1763	1.1947	1.2125	1.2297	1.2459	1.2608	1.2743	1.2861	1.2961	1.304	1.3097	1.3132	1.3144																																																																																																																																									
0.9839	0.9785	0.9759	0.9762	0.9794	0.9851	0.9928	1.0022	1.0131	1.0252	1.0383	1.0524	1.0673	1.0831	1.0996	1.1166	1.1342	1.152	1.1698	1.1876	1.2049	1.2216	1.2373	1.2519	1.2651	1.2766	1.2864	1.2941	1.2998	1.3032	1.3043																																																																																																																																									
0.9841	0.9791	0.9768	0.9775	0.9808	0.9865	0.9942	1.0034	1.0139	1.0256	1.0382	1.0517	1.0661	1.0813	1.0973	1.1138	1.1308	1.1482	1.1656	1.1829	1.1999	1.2163	1.2318	1.2461	1.2591	1.2705	1.2802	1.2878	1.2934	1.2968	1.2979																																																																																																																																									
0.9843	0.9798	0.978	0.979	0.9826	0.9884	0.9959	1.0049	1.015	1.0262	1.0382	1.0511	1.0648	1.0793	1.0946	1.1105	1.1269	1.1436	1.1606	1.1775	1.194	1.2101	1.2253	1.2394	1.2522	1.2635	1.273	1.2805	1.2861	1.2894	1.2905																																																																																																																																									
0.9845	0.9805	0.9791	0.9805	0.9843	0.9901	0.9976	1.0063	1.0161	1.0268	1.0383	1.0507	1.0638	1.0777	1.0924	1.1078	1.1237	1.14	1.1565	1.1731	1.1893	1.2051	1.2201	1.2341	1.2468	1.258	1.2674	1.2749	1.2804	1.2837	1.2849																																																																																																																																									
0.9846	0.9808	0.9796	0.9812	0.9851	0.991	0.9984	1.0071	1.0167	1.0272	1.0385	1.0505	1.0634	1.077	1.0914	1.1065	1.1222	1.1383	1.1546	1.171	1.1872	1.2028	1.2178	1.2317	1.2443	1.2555	1.2649	1.2724	1.2779	1.2812	1.2823																																																																																																																																									
0.9847	0.9811	0.9802	0.982	0.986	0.992	0.9994	1.0079	1.0174	1.0276	1.0386	1.0504	1.063	1.0763	1.0904	1.1053	1.1207	1.1366	1.1528	1.169	1.185	1.2006	1.2155	1.2293	1.2419	1.2531	1.2625	1.27	1.2755	1.2788	1.2799																																																																																																																																									
0.9847	0.9814	0.9807	0.9826	0.9868	0.9928	1.0001	1.0086	1.0179	1.028	1.0388	1.0504	1.0627	1.0758	1.0897	1.1043	1.1196	1.1353	1.1513	1.1674	1.1834	1.1989	1.2137	1.2276	1.2402	1.2513	1.2607	1.2682	1.2737	1.2771	1.2782																																																																																																																																									
0.9849	0.9822	0.9823	0.9848	0.9894	0.9956	1.0029	1.0111	1.02	1.0295	1.0396	1.0504	1.062	1.0743	1.0875	1.1014	1.1161	1.1313	1.147	1.1628	1.1785	1.1939	1.2087	1.2225	1.2352	1.2463	1.2558	1.2634	1.269	1.2723	1.2735																																																																																																																																									
0.9849	0.9823	0.9824	0.985	0.9897	0.9959	1.0032	1.0114	1.0202	1.0297	1.0397	1.0504	1.0619	1.0742	1.0873	1.1012	1.1158	1.131	1.1466	1.1624	1.1781	1.1935	1.2082	1.2221	1.2347	1.2459	1.2554	1.263	1.2686	1.272	1.2731																																																																																																																																									
0.985	0.9827	0.9831	0.9859	0.9907	0.997	1.0043	1.0124	1.0211	1.0303	1.0401	1.0505	1.0617	1.0737	1.0865	1.1001	1.1145	1.1296	1.145	1.1608	1.1764	1.1918	1.2066	1.2205	1.2332	1.2444	1.2539	1.2616	1.2672	1.2706	1.2717																																																																																																																																									
0.9851	0.9833	0.9841	0.9873	0.9923	0.9987	1.0061	1.014	1.0224	1.0313	1.0406	1.0506	1.0614	1.0729	1.0853	1.0986	1.1127	1.1275	1.1428	1.1584	1.1741	1.1894	1.2043	1.2182	1.231	1.2423	1.252	1.2597	1.2654	1.2688	1.27																																																																																																																																									
0.9851	0.9833	0.9842	0.9875	0.9926	0.999	1.0063	1.0142	1.0226	1.0314	1.0407	1.0507	1.0613	1.0728	1.0851	1.0984	1.1124	1.1272	1.1425	1.1581	1.1737	1.1891	1.2039	1.2179	1.2307	1.242	1.2517	1.2595	1.2651	1.2686	1.2698																																																																																																																																									
0.9851	0.9835	0.9844	0.9878	0.9929	0.9994	1.0067	1.0146	1.0229	1.0316	1.0408	1.0507	1.0612	1.0726	1.0849	1.0981	1.1121	1.1268	1.142	1.1576	1.1732	1.1886	1.2034	1.2174	1.2302	1.2416	1.2513	1.2591	1.2648	1.2683	1.2694																																																																																																																																									
0.9852	0.9837	0.9849	0.9883	0.9936	1.0001	1.0074	1.0152	1.0234	1.032	1.0411	1.0507	1.0611	1.0723	1.0844	1.0974	1.1113	1.1259	1.1411	1.1567	1.1723	1.1877	1.2025	1.2165	1.2294	1.2408	1.2506	1.2584	1.2641	1.2676	1.2688																																																																																																																																									
0.9852	0.9838	0.9851	0.9886	0.9939	1.0004	1.0077	1.0155	1.0237	1.0322	1.0412	1.0507	1.061	1.0721	1.0842	1.0971	1.1109	1.1255	1.1407	1.1562	1.1718	1.1872	1.2021	1.2161	1.229	1.2404	1.2502	1.2581	1.2638	1.2673	1.2685																																																																																																																																									
0.9852	0.9838	0.9851	0.9886	0.9939	1.0004	1.0077	1.0155	1.0237	1.0322	1.0412	1.0507	1.061	1.0721	1.0842	1.0971	1.1109	1.1255	1.1407	1.1562	1.1718	1.1872	1.2021	1.2161	1.229	1.2404	1.2502	1.2581	1.2638	1.2673	1.2685																																																																																																																																									
0.9853	0.984	0.9854	0.9891	0.9945	1.001	1.0083	1.016	1.0241	1.0325	1.0413	1.0507	1.0609	1.0718	1.0837	1.0966	1.1103	1.1248	1.1399	1.1553	1.1709	1.1863	1.2012	1.2153	1.2282	1.2397	1.2495	1.2574	1.2632	1.2667	1.2679																																																																																																																																									
0.9854	0.9844	0.9861	0.99	0.9955	1.0021	1.0093	1.0169	1.0248	1.033	1.0416	1.0507	1.0606	1.0713	1.0829	1.0955	1.1091	1.1234	1.1384	1.1538	1.1694	1.1848	1.1998	1.2139	1.2269	1.2385	1.2484	1.2563	1.2621	1.2657	1.2668																																																																																																																																									
0.9855	0.9846	0.9863	0.9902	0.9958	1.0024	1.0096	1.0172	1.0251	1.0332	1.0416	1.0507	1.0604	1.0711	1.0826	1.0952	1.1086	1.1229	1.1379	1.1533	1.1689	1.1843	1.1992	1.2134	1.2264	1.238	1.2479	1.2559	1.2617	1.2653	1.2665																																																																																																																																									
0.9855	0.9847	0.9865	0.9905	0.996	1.0027	1.0099	1.0174	1.0252	1.0333	1.0417	1.0507	1.0604	1.0709	1.0824	1.0949	1.1083	1.1226	1.1375	1.1529	1.1685	1.1839	1.1988	1.213	1.2261	1.2377	1.2476	1.2556	1.2614	1.265	1.2662																																																																																																																																									
0.9855	0.9847	0.9865	0.9905	0.996	1.0027	1.0099	1.0174	1.0252	1.0333	1.0417	1.0507	1.0604	1.0709	1.0824	1.0949	1.1083	1.1226	1.1375	1.1529	1.1685	1.1839	1.1988	1.213	1.2261	1.2377	1.2476	1.2556	1.2614	1.265	1.2662																																																																																																																																									
0.9856	0.985	0.987	0.9912	0.9969	1.0036	1.0108	1.0182	1.0258	1.0337	1.0418	1.0506	1.06	1.0703	1.0815	1.0938	1.1071	1.1212	1.136	1.1514	1.1669	1.1823	1.1973	1.2115	1.2246	1.2363	1.2463	1.2543	1.2602	1.2638	1.265																																																																																																																																									
0.9858	0.9855	0.9877	0.9921	0.9979	1.0046	1.0117	1.019	1.0264	1.034	1.0419	1.0504	1.0595	1.0695	1.0805	1.0925	1.1056	1.1195	1.1343	1.1495	1.165	1.1804	1.1954	1.2097	1.2229	1.2346	1.2447	1.2528	1.2587	1.2623	1.2635																																																																																																																																									
0.9861	0.986	0.9886	0.9932	0.9991	1.0058	1.0128	1.02	1.0271	1.0344	1.0419	1.05	1.0587	1.0683	1.0789	1.0907	1.1035	1.1172	1.1318	1.1469	1.1623	1.1777	1.1928	1.2071	1.2203	1.2321	1.2422	1.2504	1.2564	1.26	1.2613																																																																																																																																									
0.9862	0.9863	0.989	0.9937	0.9997	1.0064	1.0133	1.0204	1.0274	1.0345	1.0419	1.0497	1.0582	1.0677	1.0781	1.0897	1.1024	1.116	1.1305	1.1456	1.1609	1.1763	1.1914	1.2057	1.2189	1.2308	1.2409	1.2491	1.2551	1.2588	1.26																																																																																																																																									
0.9865	0.987	0.99	0.9948	1.0009	1.0076	1.0144	1.0212	1.0279	1.0346	1.0416	1.0489	1.057	1.066	1.076	1.0872	1.0995	1.1129	1.1271	1.142	1.1573	1.1726	1.1876	1.202	1.2152	1.2271	1.2373	1.2456	1.2516	1.2553	1.2566																																																																																																																																									
0.987	0.9878	0.9911	0.9962	1.0023	1.0089	1.0155	1.022	1.0283	1.0345	1.0409	1.0477	1.0552	1.0636	1.0731	1.0838	1.0957	1.1087	1.1226	1.1373	1.1524	1.1675	1.1825	1.1967	1.21	1.2219	1.2322	1.2404	1.2465	1.2502	1.2515																																																																																																																																									
0.9883	0.9897	0.9934	0.9986	1.0047	1.011	1.017	1.0227	1.028	1.0331	1.0383	1.0439	1.0501	1.0572	1.0655	1.075	1.0858	1.0978	1.1109	1.1248	1.1393	1.154	1.1685	1.1825	1.1956	1.2074	1.2175	1.2257	1.2318	1.2355	1.2367																																																																																																																																									
0.9886	0.9902	0.994	0.9992	1.0052	1.0113	1.0172	1.0226	1.0277	1.0325	1.0374	1.0426	1.0484	1.0552	1.0632	1.0723	1.0828	1.0946	1.1074	1.121	1.1353	1.1498	1.1642	1.178	1.191	1.2027	1.2128	1.2209	1.2269	1.2306	1.2318																																																																																																																																									
0.9894	0.9912	0.995	1.0002	1.006	1.0118	1.0173	1.0222	1.0267	1.0309	1.0351	1.0396	1.0447	1.0508	1.058	1.0665	1.0763	1.0874	1.0996	1.1127	1.1264	1.1405	1.1545	1.168	1.1806	1.1921	1.202	1.21	1.2159	1.2195	1.2207																																																																																																																																									
0.9896	0.9914	0.9953	1.0004	1.0062	1.0119	1.0172	1.022	1.0263	1.0303	1.0343	1.0386	1.0436	1.0494	1.0564	1.0647	1.0743	1.0852	1.0972	1.1101	1.1237	1.1376	1.1515	1.1649	1.1774	1.1888	1.1986	1.2065	1.2124	1.216	1.2172																																																																																																																																									
0.991	0.9929	0.9966	1.0014	1.0066	1.0115	1.016	1.0199	1.0232	1.0261	1.0289	1.032	1.0357	1.0402	1.0459	1.0528	1.061	1.0705	1.0812	1.0929	1.1052	1.118	1.1308	1.1432	1.1549	1.1655	1.1748	1.1822	1.1878	1.1912	1.1923																																																																																																																																									
0.9925	0.9941	0.9972	1.0012	1.0055	1.0095	1.013	1.0158	1.0181	1.02	1.0217	1.0236	1.026	1.0291	1.0333	1.0386	1.0451	1.0528	1.0617	1.0715	1.082	1.0931	1.1042	1.1151	1.1254	1.1348	1.143	1.1497	1.1547	1.1577	1.1587																																																																																																																																									
0.9928	0.9943	0.9972	1.0009	1.0049	1.0087	1.0119	1.0146	1.0166	1.0183	1.0198	1.0214	1.0235	1.0263	1.03	1.0349	1.0409	1.0482	1.0565	1.0658	1.0758	1.0863	1.0969	1.1074	1.1173	1.1263	1.1342	1.1406	1.1454	1.1483	1.1493																																																																																																																																									
0.9938	0.9937	0.9947	0.9964	0.9987	1.001	1.003	1.0047	1.006	1.0069	1.0074	1.0079	1.0084	1.0093	1.0107	1.0127	1.0155	1.0191	1.0236	1.0288	1.0347	1.041	1.0476	1.0542	1.0606	1.0666	1.0718	1.0762	1.0794	1.0814	1.082																																																																																																																																									
0.9938	0.9937	0.9947	0.9964	0.9987	1.001	1.003	1.0047	1.006	1.0069	1.0074	1.0079	1.0084	1.0093	1.0107	1.0127	1.0155	1.0191	1.0236	1.0288	1.0347	1.041	1.0476	1.0542	1.0606	1.0666	1.0718	1.0762	1.0794	1.0814	1.082																																																																																																																																									
0.9937	0.9931	0.9935	0.9949	0.9967	0.9987	1.0007	1.0023	1.0036	1.0044	1.0049	1.0052	1.0055	1.006	1.0068	1.0081	1.0101	1.0128	1.0163	1.0204	1.0252	1.0304	1.0359	1.0415	1.047	1.0521	1.0566	1.0604	1.0632	1.0649	1.0655																																																																																																																																									
0.9937	0.9931	0.9935	0.9949	0.9967	0.9987	1.0007	1.0023	1.0036	1.0044	1.0049	1.0052	1.0055	1.006	1.0068	1.0081	1.0101	1.0128	1.0163	1.0204	1.0252	1.0304	1.0359	1.0415	1.047	1.0521	1.0566	1.0604	1.0632	1.0649	1.0655																																																																																																																																									
0.9933	0.9918	0.9914	0.992	0.9933	0.9951	0.9969	0.9986	0.9999	1.0008	1.0013	1.0015	1.0014	1.0012	1.0012	1.0014	1.002	1.0032	1.0049	1.0072	1.0101	1.0135	1.0172	1.0211	1.025	1.0287	1.0321	1.0349	1.037	1.0383	1.0387																																																																																																																																									
0.9933	0.9918	0.9914	0.992	0.9933	0.9951	0.9969	0.9986	0.9999	1.0008	1.0013	1.0015	1.0014	1.0012	1.0012	1.0014	1.002	1.0032	1.0049	1.0072	1.0101	1.0135	1.0172	1.0211	1.025	1.0287	1.0321	1.0349	1.037	1.0383	1.0387																																																																																																																																									
0.9924	0.9898	0.9883	0.988	0.9887	0.9903	0.9922	0.9941	0.9957	0.9969	0.9975	0.9975	0.997	0.996	0.9948	0.9935	0.9923	0.9914	0.9908	0.9907	0.9911	0.992	0.9932	0.9948	0.9966	0.9985	1.0003	1.0018	1.003	1.0037	1.004																																																																																																																																									
0.9912	0.9874	0.9848	0.9838	0.9842	0.9857	0.9879	0.9902	0.9923	0.9939	0.9946	0.9945	0.9935	0.9918	0.9893	0.9865	0.9834	0.9803	0.9774	0.9748	0.9727	0.9711	0.9699	0.9692	0.9689	0.969	0.9692	0.9695	0.9698	0.97	0.9701																																																																																																																																									
0.9882	0.9823	0.9781	0.9761	0.9762	0.9781	0.9811	0.9845	0.9877	0.9901	0.9913	0.9909	0.989	0.9855	0.9806	0.9746	0.9678	0.9605	0.9531	0.9458	0.9389	0.9325	0.9269	0.922	0.9179	0.9146	0.912	0.91	0.9087	0.908	0.9077																																																																																																																																									
0.9608	0.9479	0.9417	0.9429	0.9503	0.9621	0.9757	0.9885	0.9984	1.0034	1.0024	0.9945	0.9798	0.9586	0.9317	0.9003	0.8657	0.829	0.7918	0.7551	0.7199	0.6872	0.6574	0.6311	0.6084	0.5894	0.5742	0.5625	0.5543	0.5494	0.5478																																																																																																																																									
0.9608	0.9479	0.9417	0.9429	0.9503	0.9621	0.9757	0.9885	0.9984	1.0034	1.0024	0.9945	0.9798	0.9586	0.9317	0.9003	0.8657	0.829	0.7918	0.7551	0.7199	0.6872	0.6574	0.6311	0.6084	0.5894	0.5742	0.5625	0.5543	0.5494	0.5478																																																																																																																																									
0.9476	0.9591	0.9829	1.0139	1.0467	1.0757	1.0963	1.1051	1.1003	1.0814	1.0491	1.0049	0.9515	0.8915	0.828	0.764	0.7023	0.6451	0.5943	0.5509	0.5158	0.4889	0.4697	0.4574	0.4508	0.4485	0.4491	0.4512	0.4536	0.4555	0.4562																																																																																																																																									
0.9773	0.9996	1.0291	1.0601	1.0873	1.1062	1.1139	1.1089	1.0912	1.0617	1.0224	0.9757	0.9247	0.872	0.8207	0.7731	0.7313	0.6967	0.6703	0.6524	0.6429	0.6409	0.6454	0.655	0.6681	0.6828	0.6976	0.7109	0.7214	0.7281	0.7304																																																																																																																																									
0.9975	1.0211	1.0478	1.0724	1.0906	1.0995	1.0975	1.0842	1.0605	1.028	0.9889	0.946	0.9017	0.8588	0.8193	0.7852	0.7579	0.7382	0.7265	0.7227	0.7262	0.736	0.7508	0.7691	0.7894	0.81	0.8293	0.8459	0.8587	0.8667	0.8694																																																																																																																																									
0.9975	1.0211	1.0478	1.0724	1.0906	1.0995	1.0975	1.0842	1.0605	1.028	0.9889	0.946	0.9017	0.8588	0.8193	0.7852	0.7579	0.7382	0.7265	0.7227	0.7262	0.736	0.7508	0.7691	0.7894	0.81	0.8293	0.8459	0.8587	0.8667	0.8694																																																																																																																																									
1.0094	1.0317	1.0545	1.0731	1.0844	1.0862	1.0776	1.0591	1.0319	0.9979	0.9594	0.9189	0.8787	0.8412	0.8081	0.7811	0.7609	0.7483	0.7433	0.7454	0.7541	0.7682	0.7865	0.8074	0.8296	0.8514	0.8715	0.8885	0.9015	0.9096	0.9124																																																																																																																																									
1.0158	1.0369	1.057	1.0719	1.0789	1.0762	1.0637	1.0419	1.0123	0.9769	0.938	0.898	0.8593	0.8238	0.7932	0.7688	0.7514	0.7415	0.7389	0.7433	0.7537	0.7692	0.7884	0.81	0.8325	0.8545	0.8745	0.8915	0.9043	0.9123	0.9151																																																																																																																																									
1.0231	1.0426	1.0593	1.0697	1.0713	1.0633	1.0455	1.0192	0.986	0.948	0.9076	0.867	0.8285	0.7939	0.7648	0.7423	0.7269	0.719	0.7183	0.7243	0.7361	0.7527	0.7727	0.7948	0.8176	0.8396	0.8597	0.8765	0.8892	0.8972	0.8999																																																																																																																																									
1.0284	1.0467	1.0608	1.0677	1.0652	1.0529	1.031	1.0008	0.9643	0.9237	0.8814	0.8396	0.8004	0.7658	0.737	0.7152	0.7007	0.6938	0.6942	0.7013	0.7141	0.7316	0.7524	0.7751	0.7983	0.8207	0.841	0.858	0.8709	0.8789	0.8816																																																																																																																																									
1.0357	1.052	1.0623	1.0638	1.0552	1.0362	1.0078	0.9716	0.9297	0.8847	0.8389	0.7947	0.7542	0.7189	0.6904	0.6693	0.6562	0.651	0.6533	0.6624	0.6773	0.6968	0.7195	0.7439	0.7687	0.7924	0.8137	0.8316	0.845	0.8534	0.8562																																																																																																																																									
1.0517	1.0601	1.0573	1.042	1.0145	0.9762	0.9292	0.8762	0.8202	0.7641	0.7106	0.6621	0.6206	0.5876	0.564	0.5504	0.5466	0.5523	0.5666	0.5884	0.6162	0.6485	0.6835	0.7196	0.7549	0.7879	0.8171	0.8412	0.8592	0.8704	0.8741																																																																																																																																									
1.0569	1.0557	1.0401	1.0104	0.968	0.9156	0.8564	0.7938	0.7313	0.6719	0.6186	0.5737	0.5389	0.5155	0.504	0.5046	0.5167	0.5395	0.5717	0.6117	0.6576	0.7076	0.7595	0.8112	0.8607	0.9061	0.9458	0.9783	1.0024	1.0171	1.0221																																																																																																																																									
1.0536	1.0404	1.0108	0.9667	0.911	0.8476	0.7804	0.7136	0.6507	0.5951	0.5494	0.5158	0.4957	0.4898	0.4983	0.5207	0.5562	0.6033	0.6601	0.7247	0.7948	0.8678	0.9415	1.0133	1.0808	1.142	1.1949	1.2379	1.2696	1.289	1.2955																																																																																																																																									
1.0368	1.007	0.9606	0.9016	0.8346	0.7645	0.6962	0.6337	0.5809	0.5406	0.5152	0.5062	0.5143	0.5397	0.5819	0.6396	0.7114	0.7951	0.8884	0.9887	1.093	1.1986	1.3025	1.4018	1.494	1.5766	1.6473	1.7043	1.7461	1.7717	1.7803																																																																																																																																									
1.0026	0.956	0.8961	0.829	0.7605	0.6959	0.64	0.5965	0.5686	0.5583	0.5672	0.5957	0.6439	0.7111	0.7958	0.8964	1.0106	1.1358	1.2691	1.4075	1.5477	1.6866	1.821	1.9478	2.0641	2.1674	2.2552	2.3257	2.3771	2.4085	2.419																																																																																																																																									
0.9749	0.9212	0.8585	0.7935	0.7322	0.6795	0.6396	0.6156	0.6097	0.6234	0.6575	0.7118	0.7857	0.8782	0.9874	1.1114	1.2477	1.3935	1.5458	1.7016	1.8575	2.0105	2.1573	2.295	2.4207	2.5317	2.6258	2.7012	2.7561	2.7895	2.8007																																																																																																																																									
0.9404	0.8857	0.8292	0.7773	0.735	0.7061	0.6934	0.6985	0.7225	0.7659	0.8283	0.9091	1.0072	1.121	1.2488	1.3884	1.5373	1.6932	1.853	2.0142	2.1736	2.3285	2.4761	2.6135	2.7383	2.8481	2.9409	3.015	3.0689	3.1016	3.1126																																																																																																																																									
0.9225	0.8748	0.8309	0.7958	0.7731	0.7651	0.7733	0.7983	0.8402	0.8986	0.9729	1.0622	1.1651	1.2803	1.4062	1.5408	1.6822	1.8281	1.9764	2.1246	2.2703	2.4111	2.5447	2.6686	2.7809	2.8796	2.9628	3.0291	3.0773	3.1067	3.1165																																																																																																																																									
0.9178	0.8822	0.8541	0.8369	0.8325	0.8417	0.8648	0.9014	0.9512	1.0133	1.0869	1.1712	1.2652	1.3676	1.4774	1.5931	1.7132	1.8362	1.9603	2.0837	2.2047	2.3213	2.4317	2.534	2.6266	2.7079	2.7765	2.8312	2.8709	2.8951	2.9032																																																																																																																																									
0.9304	0.9133	0.9053	0.9073	0.9193	0.9407	0.9707	1.0085	1.0532	1.1043	1.1611	1.2233	1.2903	1.3618	1.4372	1.5158	1.5971	1.68	1.7637	1.8471	1.929	2.0082	2.0835	2.1535	2.2171	2.2731	2.3204	2.3582	2.3858	2.4025	2.4081																																																																																																																																									
0.9406	0.9308	0.9296	0.9372	0.9528	0.9755	1.0042	1.0381	1.0765	1.1188	1.1649	1.2145	1.2675	1.3237	1.3828	1.4447	1.5087	1.5745	1.6411	1.7079	1.7739	1.8381	1.8994	1.9566	2.0088	2.055	2.0941	2.1255	2.1483	2.1622	2.1669																																																																																																																																									
0.9518	0.9482	0.9522	0.9633	0.9804	1.0023	1.0278	1.0562	1.087	1.1199	1.1549	1.192	1.2314	1.2733	1.3175	1.3641	1.4129	1.4635	1.5154	1.5679	1.6204	1.6718	1.7214	1.768	1.8108	1.8488	1.8812	1.9072	1.9263	1.9379	1.9418																																																																																																																																									
0.9592	0.9588	0.9654	0.9779	0.995	1.0154	1.0382	1.0626	1.0882	1.115	1.143	1.1725	1.2038	1.2372	1.2728	1.3108	1.3509	1.3931	1.4369	1.4816	1.5267	1.5714	1.6147	1.6557	1.6935	1.7273	1.7561	1.7794	1.7965	1.8069	1.8104																																																																																																																																									
0.9643	0.966	0.974	0.9871	1.0039	1.023	1.0437	1.065	1.087	1.1094	1.1327	1.157	1.1829	1.2107	1.2407	1.2731	1.3077	1.3446	1.3832	1.4231	1.4637	1.5042	1.5437	1.5813	1.6162	1.6474	1.6742	1.6958	1.7117	1.7214	1.7247																																																																																																																																									
0.9685	0.9717	0.9807	0.994	1.0103	1.0283	1.047	1.0659	1.0847	1.1037	1.1231	1.1433	1.165	1.1885	1.2142	1.2422	1.2727	1.3056	1.3404	1.3768	1.4141	1.4515	1.4883	1.5236	1.5563	1.5858	1.6111	1.6316	1.6467	1.656	1.6591																																																																																																																																									
0.9706	0.9744	0.9837	0.9972	1.0132	1.0305	1.0482	1.0659	1.0832	1.1005	1.1181	1.1365	1.1561	1.1776	1.2013	1.2274	1.256	1.2871	1.3202	1.355	1.3909	1.427	1.4626	1.4968	1.5287	1.5574	1.5822	1.6022	1.617	1.626	1.6291																																																																																																																																									
0.9735	0.9783	0.9881	1.0015	1.0171	1.0334	1.0497	1.0654	1.0806	1.0954	1.1103	1.1259	1.1427	1.1613	1.1821	1.2054	1.2314	1.26	1.2908	1.3234	1.3573	1.3917	1.4258	1.4586	1.4894	1.5171	1.5411	1.5605	1.5749	1.5837	1.5866																																																																																																																																									
0.9758	0.9812	0.9914	1.0048	1.0198	1.0353	1.0503	1.0646	1.078	1.0908	1.1036	1.117	1.1315	1.1479	1.1666	1.1878	1.2118	1.2385	1.2676	1.2987	1.3312	1.3643	1.3973	1.4292	1.4592	1.4863	1.5098	1.5288	1.5429	1.5515	1.5544																																																																																																																																									
0.9779	0.9839	0.9943	1.0075	1.0221	1.0367	1.0506	1.0634	1.0751	1.0862	1.0971	1.1085	1.121	1.1354	1.1522	1.1716	1.1939	1.219	1.2466	1.2764	1.3077	1.3399	1.372	1.4032	1.4325	1.4592	1.4823	1.5011	1.5149	1.5235	1.5263																																																																																																																																									
0.9812	0.9879	0.9985	1.0114	1.0249	1.038	1.0499	1.0604	1.0694	1.0776	1.0854	1.0937	1.1031	1.1145	1.1283	1.1449	1.1646	1.1873	1.2128	1.2407	1.2704	1.3012	1.3322	1.3624	1.3911	1.4171	1.4398	1.4582	1.4719	1.4803	1.4831																																																																																																																																									
0.9848	0.992	1.0026	1.0147	1.0268	1.0379	1.0473	1.0549	1.0608	1.0655	1.0698	1.0746	1.0806	1.0886	1.0992	1.1129	1.1299	1.1502	1.1737	1.1998	1.228	1.2575	1.2874	1.3169	1.345	1.3706	1.393	1.4113	1.4248	1.4331	1.4359																																																																																																																																									
0.9879	0.9953	1.0054	1.0164	1.0269	1.0359	1.0427	1.0474	1.0502	1.0518	1.0529	1.0545	1.0574	1.0625	1.0704	1.0816	1.0964	1.1148	1.1366	1.1613	1.1884	1.217	1.2463	1.2753	1.3031	1.3285	1.3508	1.369	1.3825	1.3909	1.3937																																																																																																																																									
0.9892	0.9966	1.0063	1.0168	1.0264	1.0343	1.0399	1.0432	1.0446	1.0447	1.0443	1.0445	1.046	1.0498	1.0566	1.0668	1.0806	1.0982	1.1193	1.1435	1.1702	1.1985	1.2276	1.2565	1.2841	1.3095	1.3318	1.35	1.3636	1.3719	1.3747																																																																																																																																									
0.9904	0.9977	1.007	1.0168	1.0255	1.0323	1.0368	1.0388	1.0388	1.0375	1.0358	1.0347	1.035	1.0377	1.0434	1.0527	1.0658	1.0827	1.1032	1.127	1.1533	1.1814	1.2103	1.2391	1.2667	1.2921	1.3144	1.3327	1.3463	1.3546	1.3575																																																																																																																																									
0.9917	0.9988	1.0076	1.0164	1.024	1.0295	1.0323	1.0327	1.0311	1.0282	1.0249	1.0222	1.0211	1.0224	1.027	1.0352	1.0474	1.0635	1.0835	1.1068	1.1328	1.1606	1.1894	1.2182	1.2458	1.2713	1.2936	1.3119	1.3256	1.334	1.3368																																																																																																																																									
0.9952	1.0008	1.0069	1.0121	1.0153	1.0158	1.0135	1.0085	1.0015	0.9934	0.9852	0.978	0.9728	0.9706	0.972	0.9776	0.9877	1.0022	1.021	1.0435	1.0691	1.0969	1.1259	1.155	1.1831	1.209	1.2319	1.2507	1.2647	1.2733	1.2762																																																																																																																																									
0.9964	1.0005	1.0044	1.0069	1.0071	1.0043	0.9986	0.9904	0.9804	0.9694	0.9587	0.9493	0.9422	0.9385	0.9387	0.9435	0.953	0.9673	0.9861	1.0088	1.0348	1.0632	1.0928	1.1225	1.1513	1.178	1.2014	1.2207	1.2351	1.2439	1.2469																																																																																																																																									
0.9967	0.9992	1.0011	1.0011	0.9985	0.993	0.9847	0.974	0.9617	0.9488	0.9364	0.9256	0.9175	0.913	0.9128	0.9174	0.927	0.9416	0.9609	0.9843	1.0111	1.0403	1.0708	1.1014	1.1311	1.1585	1.1826	1.2025	1.2173	1.2264	1.2295																																																																																																																																									
0.9967	0.9985	0.9994	0.9983	0.9947	0.9881	0.9787	0.9671	0.9539	0.9403	0.9274	0.9162	0.9078	0.9032	0.903	0.9077	0.9175	0.9324	0.9521	0.9759	1.0031	1.0327	1.0637	1.0948	1.1248	1.1526	1.1771	1.1972	1.2122	1.2214	1.2246																																																																																																																																									
0.9958	0.9952	0.9933	0.9892	0.9824	0.9728	0.9607	0.9467	0.9316	0.9164	0.9024	0.8906	0.8821	0.8776	0.878	0.8835	0.8945	0.9107	0.9319	0.9573	0.9862	1.0175	1.0502	1.0829	1.1144	1.1435	1.1691	1.1902	1.2058	1.2155	1.2187																																																																																																																																									
0.9868	0.9785	0.9683	0.9562	0.9423	0.9269	0.9105	0.894	0.878	0.8637	0.8521	0.844	0.8404	0.842	0.8492	0.8623	0.8812	0.9057	0.9353	0.9691	1.0062	1.0455	1.0856	1.1252	1.1629	1.1975	1.2277	1.2524	1.2707	1.2819	1.2857																																																																																																																																									
0.9805	0.9689	0.9559	0.9416	0.9264	0.9107	0.8949	0.8798	0.8662	0.8549	0.847	0.8431	0.8442	0.8507	0.863	0.8813	0.9054	0.9351	0.9697	1.0084	1.0501	1.0937	1.1378	1.181	1.222	1.2593	1.2918	1.3183	1.3379	1.3499	1.354																																																																																																																																									
0.9762	0.963	0.9487	0.9337	0.9184	0.9032	0.8885	0.8751	0.8636	0.8549	0.8499	0.8492	0.8535	0.8634	0.8792	0.901	0.9286	0.9616	0.9993	1.041	1.0856	1.1318	1.1783	1.2237	1.2666	1.3056	1.3394	1.367	1.3874	1.3999	1.4041																																																																																																																																									
0.9716	0.9571	0.9419	0.9267	0.9118	0.8977	0.8847	0.8736	0.8648	0.8592	0.8575	0.8604	0.8684	0.8821	0.9016	0.927	0.9581	0.9945	1.0355	1.0803	1.1277	1.1766	1.2255	1.273	1.3178	1.3583	1.3935	1.4221	1.4432	1.4562	1.4606																																																																																																																																									
0.9626	0.9464	0.9309	0.9168	0.9044	0.8942	0.8862	0.881	0.879	0.8806	0.8865	0.8971	0.9129	0.9342	0.9611	0.9937	1.0317	1.0746	1.1218	1.1722	1.2248	1.2784	1.3315	1.3828	1.4309	1.4743	1.5117	1.5421	1.5645	1.5783	1.5829																																																																																																																																									
0.9499	0.9351	0.924	0.9169	0.914	0.9149	0.9195	0.9277	0.9394	0.9549	0.9744	0.9981	1.0263	1.0592	1.0969	1.1393	1.1863	1.2372	1.2916	1.3484	1.4067	1.4653	1.5228	1.5779	1.6291	1.6752	1.7148	1.7469	1.7705	1.7849	1.7898																																																																																																																																									
0.9476	0.9348	0.9266	0.9233	0.9247	0.9303	0.9397	0.9526	0.9689	0.9886	1.0119	1.039	1.0701	1.1055	1.1453	1.1894	1.2377	1.2896	1.3447	1.4021	1.4608	1.5196	1.5772	1.6324	1.6836	1.7297	1.7693	1.8013	1.8249	1.8393	1.8442																																																																																																																																									

