The data were generated by SigmaCalc version 2.0. Update of 13-05-2010. File created 12-8-2020.
Fe-nat(pp) at 135.0 deg.
 keV     RTR
2011.5	 0.9956
2017.3	 0.9954
2022.4	 0.9952
2027.7	 0.9949
2033.3	 0.9946
2038.4	 0.9942
2043.9	 0.9932
2049.0	 0.9894
2051.2	 0.9608
2051.4	 0.9312
2051.2	 0.9608
2051.7	 1.1893
2052.2	 1.0204
2053.1	 1.0048
2058.5	 0.9968
2064.0	 0.9957
2069.1	 0.9952
2074.7	 0.9948
2080.0	 0.9945
2085.3	 0.9942
2090.4	 0.9940
2095.7	 0.9937
2100.8	 0.9934
2105.9	 0.9932
2111.5	 0.9929
2116.8	 0.9926
2121.9	 0.9923
2127.7	 0.9920
2132.8	 0.9917
2138.1	 0.9913
2143.2	 0.9909
2149.0	 0.9904
2154.8	 0.9898
2160.6	 0.9890
2165.9	 0.9881
2171.0	 0.9868
2176.8	 0.9843
2181.9	 0.9794
2186.2	 0.9647
2187.5	 0.9491
2188.9	 0.8770
2189.4	 0.7070
2189.9	 1.3652
2190.6	 1.0918
2191.1	 1.0561
2192.0	 1.0306
2191.1	 1.0561
2191.6	 1.0390
2192.5	 1.0235
2195.0	 1.0079
2200.8	 0.9985
2206.3	 0.9955
2211.9	 0.9938
2217.0	 0.9927
2222.3	 0.9919
2227.6	 0.9912
2232.7	 0.9906
2237.8	 0.9900
2243.1	 0.9895
2248.4	 0.9889
2253.8	 0.9884
2262.5	 0.9876
2268.0	 0.9870
2273.1	 0.9864
2278.7	 0.9858
2284.0	 0.9852
2289.6	 0.9844
2294.7	 0.9835
2300.0	 0.9825
2305.3	 0.9810
2310.4	 0.9788
2316.4	 0.9728
2321.0	 0.9498
2323.0	 0.8005
2323.2	 0.6725
2323.7	 1.2862
2323.9	 1.1650
2324.2	 1.0952
2323.9	 1.1650
2324.4	 1.0723
2324.7	 1.0513
2325.9	 1.0184
2327.6	 1.0042
2333.0	 0.9922
2338.8	 0.9884
2343.9	 0.9866
2349.5	 0.9852
2355.0	 0.9841
2360.6	 0.9832
2365.9	 0.9824
2371.0	 0.9816
2376.1	 0.9809
2381.2	 0.9803
2386.7	 0.9796
2391.8	 0.9789
2397.1	 0.9782
2402.2	 0.9775
2407.7	 0.9768
2413.1	 0.9760
2418.6	 0.9753
2424.2	 0.9745
2430.0	 0.9736
2435.3	 0.9728
2440.4	 0.9719
2445.5	 0.9710
2451.0	 0.9700
2456.8	 0.9688
2461.9	 0.9677
2467.2	 0.9664
2472.8	 0.9648
2478.1	 0.9629
2483.2	 0.9604
2488.3	 0.9566
2494.1	 0.9445
2496.0	 0.9295
2497.0	 0.9058
2497.7	 0.8492
2498.1	 0.7040
2498.6	 1.2820
2499.4	 1.0366
2500.1	 1.0056
2501.3	 0.9866
2504.4	 0.9716
2510.0	 0.9624
2515.8	 0.9555
2521.1	 0.9467
2524.0	 0.9386
2525.7	 0.9309
2527.2	 0.9206
2528.4	 0.9073
2529.4	 0.8891
2530.1	 0.8687
2530.6	 0.8468
2530.8	 0.8353
2531.0	 0.8215
2531.3	 0.7954
2531.5	 0.7729
2531.8	 0.7285
2532.0	 0.6895
2532.5	 0.5599
2533.0	 0.5809
2533.2	 0.7080
2533.0	 0.5809
2533.2	 0.7080
2533.5	 0.8922
2533.9	 1.0049
2535.1	 1.0357
2535.6	 1.0292
2536.4	 1.0192
2537.3	 1.0102
2538.3	 1.0028
2539.7	 0.9953
2541.9	 0.9875
2551.6	 0.9722
2556.7	 0.9676
2562.5	 0.9623
2567.8	 0.9516
2569.5	 0.9378
2570.2	 0.9205
2570.7	 0.8842
2571.2	 0.5726
2571.4	 1.3864
2571.6	 1.1258
2572.4	 1.0081
2573.6	 0.9845
2577.0	 0.9705
2582.3	 0.9645
2588.8	 0.9606
2594.6	 0.9577
2599.9	 0.9551
2605.0	 0.9522
2610.6	 0.9475
2616.1	 0.9345
2617.8	 0.9186
2618.8	 0.8873
2619.0	 0.8730
2619.5	 0.7784
2619.8	 0.4656
2620.0	 1.4714
2620.7	 1.0430
2621.0	 1.0182
2621.7	 0.9923
2622.7	 0.9775
2626.0	 0.9624
2631.4	 0.9549
2636.7	 0.9511
2642.7	 0.9476
2648.0	 0.9447
2653.6	 0.9413
2658.8	 0.9375
2663.9	 0.9323
2669.0	 0.9212
2671.9	 0.8999
2673.1	 0.8675
2673.8	 0.8007
2674.3	 0.5489
2674.8	 1.2497
2675.1	 1.1001
2675.3	 1.0595
2675.5	 1.0347
2676.0	 1.0013
2676.8	 0.9778
2678.2	 0.9606
2681.4	 0.9460
2686.7	 0.9353
2692.0	 0.9269
2697.1	 0.9167
2701.9	 0.9002
2704.4	 0.8835
2706.5	 0.8555
2709.5	 0.6550
2710.4	 0.5501
2710.7	 1.4200
2710.9	 1.4840
2711.2	 1.3415
2712.9	 1.0589
2714.5	 1.0031
2715.8	 0.9811
2717.7	 0.9612
2719.9	 0.9445
2722.5	 0.9255
2724.7	 0.9032
2725.7	 0.8874
2727.1	 0.8492
2729.6	 0.4272
2729.8	 0.7575
2730.1	 1.4928
2730.3	 1.4425
2730.5	 1.3484
2731.0	 1.2011
2731.5	 1.1295
2732.7	 1.0545
2734.7	 1.0088
2736.8	 0.9871
2739.3	 0.9711
2741.7	 0.9563
2743.1	 0.9407
2743.9	 0.9179
2744.3	 0.8876
2744.8	 0.6658
2745.1	 1.2936
2745.6	 1.0441
2746.3	 1.0010
2747.2	 0.9840
2750.6	 0.9652
2756.2	 0.9542
2761.3	 0.9473
2766.4	 0.9395
2770.5	 0.9255
2772.0	 0.9083
2772.9	 0.8750
2773.4	 0.8070
2773.7	 0.6306
2773.9	 0.9877
2774.1	 1.2613
2774.6	 1.0427
2774.9	 1.0131
2775.4	 0.9896
2776.1	 0.9744
2778.3	 0.9573
2784.3	 0.9446
2789.6	 0.9391
2794.7	 0.9340
2800.1	 0.9255
2803.9	 0.9016
2804.7	 0.8803
2805.4	 0.8167
2805.6	 0.7603
2805.9	 0.4551
2806.1	 1.4347
2806.6	 1.0535
2807.6	 0.9794
2809.0	 0.9578
2812.2	 0.9441
2818.0	 0.9362
2823.1	 0.9323
2828.4	 0.9293
2834.2	 0.9263
2839.8	 0.9235
2845.6	 0.9206
2850.7	 0.9179
2855.8	 0.9151
2861.3	 0.9116
2866.9	 0.9075
2872.0	 0.9030
2879.0	 0.8944
2884.1	 0.8844
2888.5	 0.8690
2891.4	 0.8471
2892.6	 0.8287
2894.3	 0.7553
2894.5	 0.7335
2895.0	 0.6272
2895.3	 0.4776
2895.5	 0.6245
2896.0	 1.2119
2896.2	 1.1120
2897.0	 0.9708
2897.7	 0.9280
2898.2	 0.9084
2899.4	 0.8707
2901.1	 0.7935
2902.5	 0.4844
2902.8	 0.6804
2903.0	 1.3908
2903.3	 1.3551
2904.0	 1.1105
2904.5	 1.0478
2904.7	 1.0316
2905.2	 1.0023
2905.7	 0.9825
2907.1	 0.9490
2909.1	 0.9217
2911.0	 0.9020
2912.5	 0.8863
2914.4	 0.8620
2915.6	 0.8408
2916.6	 0.8162
2917.5	 0.7840
2918.3	 0.7402
2919.0	 0.6793
2919.7	 0.5775
2920.0	 0.5168
2920.4	 0.4494
2920.7	 0.5334
2920.9	 0.7734
2921.7	 1.4382
2922.4	 1.2868
2922.6	 1.2522
2923.1	 1.1864
2924.1	 1.1090
2925.1	 1.0660
2926.8	 1.0250
2928.0	 1.0074
2929.9	 0.9884
2932.1	 0.9738
2935.2	 0.9598
2940.3	 0.9442
2946.6	 0.9294
2952.2	 0.9157
2956.5	 0.9014
2959.5	 0.8860
2961.9	 0.8654
2963.1	 0.8488
2965.3	 0.7845
2966.2	 0.7163
2967.4	 0.4567
2967.7	 0.7670
2967.9	 1.3081
2968.2	 1.3989
2968.9	 1.1491
2969.4	 1.0667
2970.1	 1.0000
2970.6	 0.9660
2971.8	 0.8883
2972.3	 0.8431
2972.8	 0.7711
2973.0	 0.7267
2973.7	 0.4565
2974.2	 1.4264
2974.5	 1.3514
2974.7	 1.2815
2975.7	 1.1180
2976.4	 1.0740
2977.1	 1.0477
2978.4	 1.0186
2979.8	 1.0000
2981.6	 0.9845
2984.5	 0.9686
2988.1	 0.9552
2993.0	 0.9404
2996.4	 0.9285
2998.1	 0.9176
2999.0	 0.9008
2999.3	 0.8834
2999.5	 0.8527
3000.0	 1.0025
3000.2	 0.9687
3001.0	 0.9366
3001.9	 0.9262
3003.6	 0.9142
3006.1	 0.8956
3007.3	 0.8827
3008.5	 0.8619
3009.0	 0.8471
3009.2	 0.8389
3009.4	 0.8285
3009.9	 0.7793
3010.2	 0.6944
3010.7	 0.7785
3011.1	 0.9484
3010.9	 0.9650
3011.9	 0.8888
3012.6	 0.8577
3011.9	 0.8888
3012.6	 0.8577
3013.3	 0.8274
3014.0	 0.7904
3015.0	 0.7083
3016.0	 0.5493
3016.5	 0.4799
3017.0	 0.8619
3017.2	 1.1689
3017.4	 1.3703
3017.2	 1.1689
3017.7	 1.4415
3018.4	 1.3229
3018.9	 1.2472
3020.6	 1.1196
3021.1	 1.1003
3021.8	 1.0795
3023.3	 1.0497
3024.7	 1.0318
3026.6	 1.0152
3029.1	 1.0006
3032.7	 0.9858
3037.3	 0.9674
3040.5	 0.9304
3040.9	 0.9155
3041.2	 0.8978
3041.7	 0.8322
3042.2	 0.4896
3042.6	 1.2670
3042.9	 1.1325
3043.1	 1.0947
3043.8	 1.0401
3044.3	 1.0241
3046.0	 1.0012
3049.4	 0.9867
3054.8	 0.9781
3060.3	 0.9737
3065.4	 0.9711
3070.7	 0.9691
3076.3	 0.9677
3081.7	 0.9666
3087.2	 0.9659
3092.8	 0.9652
3098.4	 0.9648
3103.7	 0.9643
3109.3	 0.9639
3114.6	 0.9633
3119.7	 0.9625
3125.0	 0.9610
3130.1	 0.9578
3135.5	 0.9461
3137.6	 0.9275
3139.1	 0.8654
3139.8	 0.6395
3140.1	 1.1684
3140.8	 1.0996
3142.2	 1.0144
3144.4	 0.9909
3149.5	 0.9783
3154.6	 0.9740
3159.7	 0.9710
3164.8	 0.9675
3170.1	 0.9601
3173.5	 0.9447
3175.0	 0.9194
3175.9	 0.8576
3175.7	 0.8812
3175.9	 0.8576
3176.2	 0.7861
3176.6	 0.5481
3176.9	 1.2601
3177.4	 1.0806
3178.1	 1.0276
3178.8	 1.0082
3181.0	 0.9864
3190.0	 0.9539
3193.6	 0.9257
3194.6	 0.9104
3195.8	 0.8804
3197.0	 0.8197
3197.7	 0.7455
3198.2	 0.6478
3198.7	 0.5022
3199.2	 0.8748
3199.4	 1.2309
3199.7	 1.3865
3199.9	 1.3650
3200.4	 1.2714
3201.4	 1.1641
3202.1	 1.1268
3202.6	 1.1087
3204.5	 1.0700
3207.4	 1.0451
3211.3	 1.0306
3222.7	 1.0176
3228.3	 1.0158
3233.8	 1.0152
3238.9	 1.0152
3244.0	 1.0155
3249.3	 1.0162
3261.0	 1.0183
3271.6	 1.0207
3276.7	 1.0220
3288.1	 1.0251
3293.2	 1.0265
3303.4	 1.0296
