The data were generated by SigmaCalc version 2.0. Update of 12-11-2013. File created 12-8-2020.
K-39(pp) at 160.0 deg.
 keV     RTR
1731.0	 0.9558
1733.0	 0.9532
1734.0	 0.9518
1736.0	 0.9489
1737.0	 0.9474
1739.0	 0.9441
1740.0	 0.9423
1741.0	 0.9405
1743.0	 0.9366
1744.0	 0.9346
1746.0	 0.9302
1747.0	 0.9279
1749.0	 0.9229
1750.0	 0.9203
1753.0	 0.9118
1755.0	 0.9056
1757.0	 0.8991
1758.0	 0.8957
1759.0	 0.8923
1761.0	 0.8854
1762.0	 0.8820
1763.0	 0.8787
1764.0	 0.8755
1766.0	 0.8698
1768.0	 0.8655
1768.0	 0.8655
1770.0	 0.8632
1771.0	 0.8630
1772.0	 0.8637
1773.0	 0.8651
1773.0	 0.8651
1775.0	 0.8707
1775.0	 0.8707
1776.0	 0.8748
1777.0	 0.8798
1779.0	 0.8920
1780.0	 0.8990
1782.0	 0.9139
1783.0	 0.9215
1785.0	 0.9364
1786.0	 0.9433
1788.0	 0.9554
1790.0	 0.9638
1791.0	 0.9658
1792.0	 0.9654
1794.0	 0.9536
1796.0	 0.9883
1797.0	 1.0080
1798.0	 1.0162
1800.0	 1.0225
1801.0	 1.0242
1804.0	 1.0279
1806.0	 1.0295
1807.0	 1.0302
1808.0	 1.0308
1811.0	 1.0319
1813.0	 1.0322
1816.0	 1.0322
1818.0	 1.0318
1820.0	 1.0310
1821.0	 1.0305
1823.0	 1.0289
1824.0	 1.0276
1825.0	 1.0258
1828.0	 1.0112
1828.0	 1.0112
1829.0	 0.9961
1831.0	 1.0258
1833.0	 1.0395
1835.0	 1.0381
1836.0	 1.0373
1838.0	 1.0358
1839.0	 1.0352
1841.0	 1.0340
1842.0	 1.0335
1844.0	 1.0325
1846.0	 1.0315
1848.0	 1.0305
1850.0	 1.0295
1851.0	 1.0291
1852.0	 1.0286
1854.0	 1.0276
1856.0	 1.0265
1857.0	 1.0259
1858.0	 1.0254
1860.0	 1.0242
1862.0	 1.0229
1863.0	 1.0223
1865.0	 1.0208
1866.0	 1.0201
1868.0	 1.0184
1869.0	 1.0175
1871.0	 1.0154
1872.0	 1.0143
1875.0	 1.0104
1877.0	 1.0072
1879.0	 1.0032
1880.0	 1.0009
1881.0	 0.9983
1883.0	 0.9920
1884.0	 0.9882
1885.0	 0.9838
1888.0	 0.9659
1890.0	 0.9496
1891.0	 0.9408
1892.0	 0.9331
1895.0	 0.9412
1896.0	 0.9583
1897.0	 0.9782
1899.0	 1.0114
1900.0	 1.0225
1900.0	 1.0225
1901.0	 1.0309
1903.0	 1.0474
1905.0	 1.1002
1906.0	 1.0473
1908.0	 1.0270
1910.0	 1.0230
1912.0	 1.0179
1913.0	 1.0144
1914.0	 1.0099
1915.0	 1.0039
1916.0	 0.9958
1917.0	 0.9840
1919.0	 0.9367
1920.0	 0.8970
1921.0	 0.9064
1921.0	 0.9064
1922.0	 1.0027
1925.0	 1.0626
1926.0	 1.0604
1929.0	 1.0529
1930.0	 1.0507
1932.0	 1.0470
1933.0	 1.0454
1934.0	 1.0439
1937.0	 1.0396
1939.0	 1.0369
1940.0	 1.0355
1942.0	 1.0325
1944.0	 1.0289
1946.0	 1.0241
1947.0	 1.0208
1949.0	 1.0098
1951.0	 0.9829
1953.0	 1.0820
1955.0	 1.0583
1957.0	 1.0468
1959.0	 1.0405
1960.0	 1.0382
1962.0	 1.0343
1963.0	 1.0326
1965.0	 1.0294
1967.0	 1.0263
1968.0	 1.0248
1969.0	 1.0231
1971.0	 1.0197
1972.0	 1.0179
1974.0	 1.0138
1976.0	 1.0089
1977.0	 1.0060
1980.0	 0.9946
1981.0	 0.9892
1983.0	 0.9732
1984.0	 0.9597
1986.0	 0.9029
1987.0	 0.8921
1990.0	 0.9787
1991.0	 0.9689
1993.0	 0.9401
1995.0	 0.8978
1996.0	 0.8708
1996.0	 0.8708
1997.0	 0.8433
1998.0	 0.8281
1998.0	 0.8281
2000.0	 0.9265
2001.0	 1.0171
2001.0	 1.0171
2001.0	 1.0171
2004.0	 1.1228
2005.0	 1.1254
2007.0	 1.1208
2010.0	 1.1095
2011.0	 1.1061
2012.0	 1.1030
2015.0	 1.0953
2016.0	 1.0932
2018.0	 1.0895
2019.0	 1.0879
2021.0	 1.0852
2022.0	 1.0840
2023.0	 1.0830
2024.0	 1.0820
2026.0	 1.0804
2028.0	 1.0792
2029.0	 1.0787
2031.0	 1.0779
2033.0	 1.0775
2035.0	 1.0775
2037.0	 1.0778
2039.0	 1.0785
2041.0	 1.0796
2042.0	 1.0803
2044.0	 1.0821
2045.0	 1.0831
2047.0	 1.0852
2049.0	 1.0873
2050.0	 1.0882
2051.0	 1.0889
2051.0	 1.0889
2053.0	 1.0893
2055.0	 1.0879
2057.0	 1.0844
2057.0	 1.0844
2059.0	 1.0789
2061.0	 1.0719
2063.0	 1.0643
2064.0	 1.0604
2066.0	 1.0525
2068.0	 1.0447
2070.0	 1.0368
2071.0	 1.0327
2073.0	 1.0238
2074.0	 1.0189
2075.0	 1.0135
2077.0	 1.0006
2080.0	 0.9708
2081.0	 0.9553
2082.0	 0.9345
2083.0	 0.9043
2083.0	 0.9043
2084.0	 0.8554
2085.0	 0.7586
2087.0	 0.9646
2088.0	 0.8517
2089.0	 0.8479
2089.0	 0.8479
2090.0	 0.9681
2091.0	 1.0618
2093.0	 1.1033
2094.0	 1.0984
2095.0	 1.0879
2097.0	 1.0495
2098.0	 1.0106
2099.0	 0.9402
2100.0	 0.9547
2101.0	 1.1278
2102.0	 1.1537
2103.0	 1.1482
2104.0	 1.1405
2105.0	 1.1338
2108.0	 1.1206
2109.0	 1.1177
2111.0	 1.1133
2113.0	 1.1105
2114.0	 1.1095
2115.0	 1.1088
2117.0	 1.1083
2118.0	 1.1085
2120.0	 1.1099
2122.0	 1.1129
2122.0	 1.1129
2125.0	 1.1223
2126.0	 1.1272
2127.0	 1.1331
2129.0	 1.1448
2130.0	 1.1420
2131.0	 1.1163
2133.0	 1.0031
2134.0	 0.9805
2136.0	 0.9859
2137.0	 0.9930
2139.0	 1.0041
2140.0	 1.0079
2142.0	 1.0130
2142.0	 1.0130
2144.0	 1.0154
2145.0	 1.0159
2146.0	 1.0159
2147.0	 1.0155
2149.0	 1.0135
2151.0	 1.0098
2153.0	 1.0041
2155.0	 0.9957
2157.0	 0.9831
2157.0	 0.9831
2158.0	 0.9746
2159.0	 0.9638
2160.0	 0.9500
2162.0	 0.9076
2162.0	 0.9076
2163.0	 0.8739
2163.0	 0.8739
2164.0	 0.8268
2166.0	 0.7136
2167.0	 0.7720
2167.0	 0.7720
2167.0	 0.7720
2168.0	 0.9422
2168.0	 0.9422
2170.0	 1.0662
2172.0	 0.9644
2174.0	 1.1640
2176.0	 1.1734
2177.0	 1.1640
2178.0	 1.1559
2180.0	 1.1440
2182.0	 1.1360
2183.0	 1.1330
2183.0	 1.1330
2185.0	 1.1286
2186.0	 1.1270
2189.0	 1.1243
2190.0	 1.1241
2191.0	 1.1242
2195.0	 1.1289
2197.0	 1.1348
2198.0	 1.1391
2200.0	 1.1510
2201.0	 1.1584
2203.0	 1.1633
2204.0	 1.1383
2204.0	 1.1383
2206.0	 1.0206
2207.0	 0.9955
2209.0	 0.9992
2209.0	 0.9992
2212.0	 1.0174
2214.0	 1.0245
2215.0	 1.0268
2218.0	 1.0302
2221.0	 1.0294
2223.0	 1.0269
2225.0	 1.0224
2227.0	 1.0156
2229.0	 1.0055
2231.0	 0.9904
2233.0	 0.9672
2234.0	 0.9510
2236.0	 0.9058
2238.0	 0.8550
2239.0	 0.8588
2240.0	 0.9154
2241.0	 1.0096
2242.0	 1.0900
2243.0	 1.1359
2245.0	 1.1649
2247.0	 1.1663
2249.0	 1.1632
2249.0	 1.1632
2251.0	 1.1615
2253.0	 1.1632
2254.0	 1.1656
2257.0	 1.0834
2257.0	 1.0834
2259.0	 1.0687
2260.0	 1.0839
2261.0	 1.0931
2262.0	 1.0990
2264.0	 1.1057
2266.0	 1.1094
2269.0	 1.1129
2272.0	 1.1153
2275.0	 1.1174
2278.0	 1.1192
2281.0	 1.1203
2283.0	 1.1201
2284.0	 1.1195
2287.0	 1.1146
2288.0	 1.1114
2290.0	 1.1020
2292.0	 1.0879
2293.0	 1.0794
2296.0	 1.0529
2298.0	 1.0392
2301.0	 1.0288
2304.0	 1.0279
2307.0	 1.0312
2308.0	 1.0326
2310.0	 1.0354
2311.0	 1.0367
2314.0	 1.0397
2315.0	 1.0403
2318.0	 1.0397
2320.0	 1.0355
2322.0	 1.0248
2324.0	 1.0039
2326.0	 1.0071
2328.0	 1.0665
2329.0	 1.0869
2329.0	 1.0869
2331.0	 1.1108
2333.0	 1.1298
2335.0	 1.1488
2336.0	 1.1499
2339.0	 0.9974
2341.0	 0.9566
2343.0	 0.9524
2344.0	 0.9442
2345.0	 0.9271
2346.0	 0.8970
2347.0	 0.8539
2348.0	 0.8293
2348.0	 0.8293
2349.0	 0.9287
2351.0	 1.2288
2351.0	 1.2288
2352.0	 1.2227
2352.0	 1.2227
2354.0	 1.1771
2355.0	 1.1935
2358.0	 1.2742
2359.0	 1.2912
2361.0	 1.2887
2362.0	 1.2702
2364.0	 1.2181
2366.0	 1.1680
2369.0	 1.1148
2370.0	 1.1021
2372.0	 1.0821
2374.0	 1.0667
2375.0	 1.0601
2377.0	 1.0483
2379.0	 1.0372
2380.0	 1.0317
2380.0	 1.0317
2382.0	 1.0199
2385.0	 0.9985
2386.0	 0.9895
2388.0	 0.9671
2389.0	 0.9528
2390.0	 0.9356
2391.0	 0.9146
2391.0	 0.9146
2392.0	 0.8889
2393.0	 0.8578
2394.0	 0.8219
2394.0	 0.8219
2395.0	 0.7858
2396.0	 0.7637
2398.0	 0.8489
2399.0	 0.9450
2400.0	 1.0279
2400.0	 1.0279
2401.0	 1.0823
2403.0	 1.1291
2404.0	 1.1367
2405.0	 1.1395
2406.0	 1.1397
2408.0	 1.1367
2409.0	 1.1344
2412.0	 1.1269
2414.0	 1.1216
2417.0	 1.1126
2418.0	 1.1086
2420.0	 1.0956
2421.0	 1.0815
2423.0	 0.9761
2425.0	 1.1703
2426.0	 1.1553
2428.0	 1.1471
2428.0	 1.1471
2429.0	 1.1488
2431.0	 1.1728
2434.0	 1.0548
2437.0	 1.0873
2439.0	 1.0917
2440.0	 1.0927
2442.0	 1.0937
2443.0	 1.0939
2445.0	 1.0941
2448.0	 1.0939
2450.0	 1.0933
2453.0	 1.0837
2455.0	 1.0500
2458.0	 1.0214
2460.0	 1.0233
2462.0	 1.0206
2464.0	 1.0123
2466.0	 0.9975
2468.0	 0.9750
2470.0	 0.9433
2473.0	 0.9022
2474.0	 0.9111
2475.0	 0.9416
2476.0	 0.9888
2477.0	 1.0397
2478.0	 1.0839
2481.0	 1.1623
2483.0	 1.0782
2486.0	 1.1164
2488.0	 1.1236
2488.0	 1.1236
2489.0	 1.1253
2492.0	 1.1273
2495.0	 1.1274
2497.0	 1.1270
2499.0	 1.1265
