The data were generated by SigmaCalc version 2.0. Update of 12-11-2013. File created 12-8-2020.
K-39(pp) at 135.0 deg.
 keV     RTR
1731.0	 0.9803
1733.0	 0.9787
1734.0	 0.9779
1736.0	 0.9761
1737.0	 0.9752
1739.0	 0.9731
1740.0	 0.9721
1741.0	 0.9709
1743.0	 0.9684
1744.0	 0.9671
1746.0	 0.9642
1747.0	 0.9627
1749.0	 0.9593
1750.0	 0.9575
1753.0	 0.9516
1755.0	 0.9471
1757.0	 0.9422
1758.0	 0.9395
1759.0	 0.9368
1761.0	 0.9312
1762.0	 0.9283
1763.0	 0.9253
1764.0	 0.9223
1766.0	 0.9164
1768.0	 0.9110
1768.0	 0.9110
1770.0	 0.9064
1771.0	 0.9047
1772.0	 0.9033
1773.0	 0.9025
1773.0	 0.9025
1775.0	 0.9025
1775.0	 0.9025
1776.0	 0.9034
1777.0	 0.9050
1779.0	 0.9098
1780.0	 0.9130
1782.0	 0.9207
1783.0	 0.9249
1785.0	 0.9336
1786.0	 0.9380
1788.0	 0.9460
1790.0	 0.9522
1791.0	 0.9540
1792.0	 0.9542
1794.0	 0.9449
1796.0	 0.9610
1797.0	 0.9760
1798.0	 0.9836
1800.0	 0.9909
1801.0	 0.9931
1804.0	 0.9981
1806.0	 1.0007
1807.0	 1.0017
1808.0	 1.0027
1811.0	 1.0051
1813.0	 1.0064
1816.0	 1.0078
1818.0	 1.0085
1820.0	 1.0088
1821.0	 1.0089
1823.0	 1.0087
1824.0	 1.0084
1825.0	 1.0077
1828.0	 0.9996
1828.0	 0.9996
1829.0	 0.9890
1831.0	 1.0003
1833.0	 1.0140
1835.0	 1.0150
1836.0	 1.0150
1838.0	 1.0150
1839.0	 1.0149
1841.0	 1.0148
1842.0	 1.0147
1844.0	 1.0146
1846.0	 1.0144
1848.0	 1.0142
1850.0	 1.0140
1851.0	 1.0139
1852.0	 1.0138
1854.0	 1.0135
1856.0	 1.0132
1857.0	 1.0130
1858.0	 1.0128
1860.0	 1.0124
1862.0	 1.0120
1863.0	 1.0117
1865.0	 1.0111
1866.0	 1.0108
1868.0	 1.0101
1869.0	 1.0097
1871.0	 1.0087
1872.0	 1.0082
1875.0	 1.0063
1877.0	 1.0046
1879.0	 1.0024
1880.0	 1.0011
1881.0	 0.9996
1883.0	 0.9959
1884.0	 0.9936
1885.0	 0.9908
1888.0	 0.9788
1890.0	 0.9666
1891.0	 0.9593
1892.0	 0.9518
1895.0	 0.9454
1896.0	 0.9534
1897.0	 0.9647
1899.0	 0.9863
1900.0	 0.9941
1900.0	 0.9941
1901.0	 0.9998
1903.0	 1.0057
1905.0	 1.0002
1906.0	 1.0081
1908.0	 1.0121
1910.0	 1.0116
1912.0	 1.0097
1913.0	 1.0081
1914.0	 1.0059
1915.0	 1.0029
1916.0	 0.9984
1917.0	 0.9916
1919.0	 0.9605
1920.0	 0.9276
1921.0	 0.9135
1921.0	 0.9135
1922.0	 0.9675
1925.0	 1.0243
1926.0	 1.0257
1929.0	 1.0252
1930.0	 1.0247
1932.0	 1.0235
1933.0	 1.0229
1934.0	 1.0224
1937.0	 1.0205
1939.0	 1.0192
1940.0	 1.0184
1942.0	 1.0167
1944.0	 1.0143
1946.0	 1.0108
1947.0	 1.0082
1949.0	 0.9987
1951.0	 0.9699
1953.0	 1.0509
1955.0	 1.0409
1957.0	 1.0330
1959.0	 1.0288
1960.0	 1.0273
1962.0	 1.0249
1963.0	 1.0239
1965.0	 1.0221
1967.0	 1.0204
1968.0	 1.0195
1969.0	 1.0187
1971.0	 1.0169
1972.0	 1.0160
1974.0	 1.0139
1976.0	 1.0115
1977.0	 1.0100
1980.0	 1.0042
1981.0	 1.0014
1983.0	 0.9925
1984.0	 0.9847
1986.0	 0.9455
1987.0	 0.9256
1990.0	 0.9875
1991.0	 0.9839
1993.0	 0.9684
1995.0	 0.9409
1996.0	 0.9206
1996.0	 0.9206
1997.0	 0.8959
1998.0	 0.8721
1998.0	 0.8721
2000.0	 0.8934
2001.0	 0.9439
2001.0	 0.9439
2001.0	 0.9439
2004.0	 1.0315
2005.0	 1.0398
2007.0	 1.0461
2010.0	 1.0469
2011.0	 1.0465
2012.0	 1.0459
2015.0	 1.0441
2016.0	 1.0435
2018.0	 1.0423
2019.0	 1.0417
2021.0	 1.0406
2022.0	 1.0401
2023.0	 1.0396
2024.0	 1.0391
2026.0	 1.0382
2028.0	 1.0373
2029.0	 1.0369
2031.0	 1.0361
2033.0	 1.0352
2035.0	 1.0343
2037.0	 1.0334
2039.0	 1.0325
2041.0	 1.0315
2042.0	 1.0309
2044.0	 1.0298
2045.0	 1.0292
2047.0	 1.0279
2049.0	 1.0266
2050.0	 1.0259
2051.0	 1.0252
2051.0	 1.0252
2053.0	 1.0240
2055.0	 1.0229
2057.0	 1.0222
2057.0	 1.0222
2059.0	 1.0216
2061.0	 1.0212
2063.0	 1.0208
2064.0	 1.0206
2066.0	 1.0199
2068.0	 1.0188
2070.0	 1.0173
2071.0	 1.0164
2073.0	 1.0138
2074.0	 1.0122
2075.0	 1.0103
2077.0	 1.0051
2080.0	 0.9916
2081.0	 0.9841
2082.0	 0.9736
2083.0	 0.9579
2083.0	 0.9579
2084.0	 0.9314
2085.0	 0.8741
2087.0	 0.9265
2088.0	 0.8668
2089.0	 0.8460
2089.0	 0.8460
2090.0	 0.9137
2091.0	 0.9836
2093.0	 1.0324
2094.0	 1.0366
2095.0	 1.0356
2097.0	 1.0196
2098.0	 0.9974
2099.0	 0.9473
2100.0	 0.9178
2101.0	 1.0270
2102.0	 1.0600
2103.0	 1.0654
2104.0	 1.0655
2105.0	 1.0645
2108.0	 1.0613
2109.0	 1.0605
2111.0	 1.0593
2113.0	 1.0586
2114.0	 1.0584
2115.0	 1.0583
2117.0	 1.0585
2118.0	 1.0588
2120.0	 1.0599
2122.0	 1.0620
2122.0	 1.0620
2125.0	 1.0687
2126.0	 1.0726
2127.0	 1.0781
2129.0	 1.0961
2130.0	 1.1087
2131.0	 1.1172
2133.0	 1.0789
2134.0	 1.0543
2136.0	 1.0340
2137.0	 1.0308
2139.0	 1.0285
2140.0	 1.0280
2142.0	 1.0274
2142.0	 1.0274
2144.0	 1.0267
2145.0	 1.0262
2146.0	 1.0257
2147.0	 1.0250
2149.0	 1.0233
2151.0	 1.0210
2153.0	 1.0177
2155.0	 1.0131
2157.0	 1.0062
2157.0	 1.0062
2158.0	 1.0015
2159.0	 0.9955
2160.0	 0.9876
2162.0	 0.9622
2162.0	 0.9622
2163.0	 0.9406
2163.0	 0.9406
2164.0	 0.9079
2166.0	 0.8003
2167.0	 0.7952
2167.0	 0.7952
2167.0	 0.7952
2168.0	 0.8861
2168.0	 0.8861
2170.0	 0.9968
2172.0	 0.9442
2174.0	 1.0430
2176.0	 1.0769
2177.0	 1.0769
2178.0	 1.0758
2180.0	 1.0733
2182.0	 1.0713
2183.0	 1.0705
2183.0	 1.0705
2185.0	 1.0693
2186.0	 1.0689
2189.0	 1.0684
2190.0	 1.0686
2191.0	 1.0688
2195.0	 1.0722
2197.0	 1.0761
2198.0	 1.0791
2200.0	 1.0890
2201.0	 1.0970
2203.0	 1.1214
2204.0	 1.1306
2204.0	 1.1306
2206.0	 1.0912
2207.0	 1.0654
2209.0	 1.0438
2209.0	 1.0438
2212.0	 1.0379
2214.0	 1.0371
2215.0	 1.0368
2218.0	 1.0356
2221.0	 1.0336
2223.0	 1.0315
2225.0	 1.0286
2227.0	 1.0245
2229.0	 1.0185
2231.0	 1.0094
2233.0	 0.9950
2234.0	 0.9844
2236.0	 0.9521
2238.0	 0.9027
2239.0	 0.8859
2240.0	 0.8992
2241.0	 0.9455
2242.0	 0.9966
2243.0	 1.0327
2245.0	 1.0659
2247.0	 1.0763
2249.0	 1.0799
2249.0	 1.0799
2251.0	 1.0819
2253.0	 1.0846
2254.0	 1.0868
2257.0	 1.0743
2257.0	 1.0743
2259.0	 1.0582
2260.0	 1.0612
2261.0	 1.0635
2262.0	 1.0651
2264.0	 1.0672
2266.0	 1.0685
2269.0	 1.0701
2272.0	 1.0715
2275.0	 1.0731
2278.0	 1.0749
2281.0	 1.0770
2283.0	 1.0785
2284.0	 1.0792
2287.0	 1.0811
2288.0	 1.0814
2290.0	 1.0812
2292.0	 1.0792
2293.0	 1.0774
2296.0	 1.0693
2298.0	 1.0632
2301.0	 1.0557
2304.0	 1.0512
2307.0	 1.0489
2308.0	 1.0484
2310.0	 1.0476
2311.0	 1.0472
2314.0	 1.0460
2315.0	 1.0454
2318.0	 1.0424
2320.0	 1.0381
2322.0	 1.0291
2324.0	 1.0109
2326.0	 1.0020
2328.0	 1.0359
2329.0	 1.0496
2329.0	 1.0496
2331.0	 1.0661
2333.0	 1.0800
2335.0	 1.1010
2336.0	 1.1152
2339.0	 1.0800
2341.0	 1.0294
2343.0	 1.0045
2344.0	 0.9911
2345.0	 0.9723
2346.0	 0.9434
2347.0	 0.8994
2348.0	 0.8512
2348.0	 0.8512
2349.0	 0.8708
2351.0	 1.0849
2351.0	 1.0849
2352.0	 1.1164
2352.0	 1.1164
2354.0	 1.0839
2355.0	 1.0721
2358.0	 1.0625
2359.0	 1.0615
2361.0	 1.0593
2362.0	 1.0578
2364.0	 1.0547
2366.0	 1.0519
2369.0	 1.0485
2370.0	 1.0475
2372.0	 1.0455
2374.0	 1.0433
2375.0	 1.0421
2377.0	 1.0395
2379.0	 1.0362
2380.0	 1.0343
2380.0	 1.0343
2382.0	 1.0296
2385.0	 1.0194
2386.0	 1.0147
2388.0	 1.0022
2389.0	 0.9937
2390.0	 0.9830
2391.0	 0.9695
2391.0	 0.9695
2392.0	 0.9520
2393.0	 0.9295
2394.0	 0.9012
2394.0	 0.9012
2395.0	 0.8682
2396.0	 0.8376
2398.0	 0.8516
2399.0	 0.9049
2400.0	 0.9605
2400.0	 0.9605
2401.0	 1.0028
2403.0	 1.0487
2404.0	 1.0598
2405.0	 1.0667
2406.0	 1.0710
2408.0	 1.0751
2409.0	 1.0760
2412.0	 1.0759
2414.0	 1.0746
2417.0	 1.0703
2418.0	 1.0678
2420.0	 1.0580
2421.0	 1.0463
2423.0	 0.8884
2425.0	 1.1209
2426.0	 1.1088
2428.0	 1.1006
2428.0	 1.1006
2429.0	 1.1002
2431.0	 1.1114
2434.0	 1.0735
2437.0	 1.0756
2439.0	 1.0761
2440.0	 1.0761
2442.0	 1.0759
2443.0	 1.0758
2445.0	 1.0755
2448.0	 1.0750
2450.0	 1.0748
2453.0	 1.0728
2455.0	 1.0633
2458.0	 1.0493
2460.0	 1.0466
2462.0	 1.0425
2464.0	 1.0358
2466.0	 1.0253
2468.0	 1.0091
2470.0	 0.9847
2473.0	 0.9398
2474.0	 0.9350
2475.0	 0.9443
2476.0	 0.9672
2477.0	 0.9967
2478.0	 1.0253
2481.0	 1.0901
2483.0	 1.0727
2486.0	 1.0823
2488.0	 1.0865
2488.0	 1.0865
2489.0	 1.0878
2492.0	 1.0902
2495.0	 1.0913
2497.0	 1.0917
2499.0	 1.0920
