The data were generated by SigmaCalc version 2.0. Update of 10-09-2010. File created 12-8-2020.
N-14(pp) at 160.0 deg.
 keV     RTR
300.0	 1.0112
350.0	 1.0219
400.0	 1.0381
450.0	 1.0606
500.0	 1.0898
550.0	 1.1259
600.0	 1.1689
650.0	 1.2188
700.0	 1.2751
750.0	 1.3375
800.0	 1.4054
850.0	 1.4778
900.0	 1.5527
930.0	 1.5974
944.0	 1.6175
951.0	 1.6272
961.0	 1.6406
968.0	 1.6495
977.0	 1.6601
986.0	 1.6693
995.0	 1.6768
1003.0	 1.6811
1009.0	 1.6822
1016.0	 1.6803
1025.0	 1.6697
1033.0	 1.6462
1037.0	 1.6256
1042.0	 1.5847
1044.0	 1.5610
1047.0	 1.5128
1050.0	 1.4408
1056.0	 1.1257
1057.0	 1.0276
1059.0	 0.7905
1060.0	 0.7442
1063.0	 3.7646
1069.0	 2.7247
1070.0	 2.6260
1071.0	 2.5483
1074.0	 2.3929
1076.0	 2.3273
1078.0	 2.2791
1081.0	 2.2276
1084.0	 2.1919
1090.0	 2.1477
1094.0	 2.1302
1097.0	 2.1209
1101.0	 2.1123
1105.0	 2.1069
1114.0	 2.1025
1122.0	 2.1045
1134.0	 2.1137
1138.0	 2.1179
1146.0	 2.1275
1155.0	 2.1399
1162.0	 2.1503
1166.0	 2.1565
1180.0	 2.1796
1187.0	 2.1917
1194.0	 2.2041
1204.0	 2.2222
1210.0	 2.2333
1213.0	 2.2388
1217.0	 2.2463
1227.0	 2.2652
1234.0	 2.2785
1241.0	 2.2920
1250.0	 2.3093
1261.0	 2.3306
1267.0	 2.3422
1275.0	 2.3577
1285.0	 2.3769
1292.0	 2.3904
1300.0	 2.4056
1308.0	 2.4207
1316.0	 2.4357
1325.0	 2.4523
1332.0	 2.4649
1341.0	 2.4809
1347.0	 2.4913
1356.0	 2.5064
1366.0	 2.5226
1373.0	 2.5333
1383.0	 2.5478
1387.0	 2.5533
1397.0	 2.5659
1405.0	 2.5748
1412.0	 2.5816
1419.0	 2.5872
1431.0	 2.5935
1435.0	 2.5946
1438.0	 2.5949
1445.0	 2.5941
1453.0	 2.5901
1459.0	 2.5844
1462.0	 2.5805
1466.0	 2.5742
1470.0	 2.5663
1477.0	 2.5482
1484.0	 2.5233
1493.0	 2.4786
1500.0	 2.4308
1506.0	 2.3783
1508.0	 2.3581
1513.0	 2.3012
1520.0	 2.2070
1527.0	 2.1076
1529.0	 2.0839
1531.0	 2.0663
1534.0	 2.0592
1538.0	 2.1139
1545.0	 2.5386
1549.0	 2.9962
1552.0	 3.3739
1555.0	 3.7091
1558.0	 3.9601
1559.0	 4.0231
1564.0	 4.2065
1567.0	 4.2407
1572.0	 4.2326
1576.0	 4.1989
1582.0	 4.1364
1588.0	 4.0765
1592.0	 4.0413
1598.0	 3.9967
1602.0	 3.9721
1610.0	 3.9338
1617.0	 3.9104
1624.0	 3.8946
1629.0	 3.8873
1636.0	 3.8817
1641.0	 3.8808
1647.0	 3.8826
1650.0	 3.8847
1654.0	 3.8886
1661.0	 3.8984
1667.0	 3.9101
1670.0	 3.9170
1673.0	 3.9248
1677.0	 3.9365
1681.0	 3.9499
1690.0	 3.9877
1695.0	 4.0146
1704.0	 4.0799
1711.0	 4.1559
1716.0	 4.2354
1719.0	 4.3004
1725.0	 4.5054
1732.0	 5.0990
1733.0	 5.2660
1734.0	 5.4759
1735.0	 5.7447
1737.0	 6.5669
1738.0	 7.2092
1739.0	 8.1113
1740.0	 9.4946
1740.5	 10.6217
1741.0	 12.6130
1741.3	 14.8031
1741.6	 18.1807
1741.9	 20.6773
1742.1	 18.5352
1742.3	 14.3652
1742.6	 9.8366
1743.0	 7.2873
1743.5	 6.0909
1744.0	 5.4749
1745.0	 4.7243
1746.0	 4.2634
1747.0	 3.9777
1748.0	 3.8030
1749.0	 3.6976
1750.0	 3.6349
1751.0	 3.5989
1752.0	 3.5796
1753.0	 3.5709
1754.0	 3.5690
1756.0	 3.5768
1763.0	 3.6368
1769.0	 3.6847
1774.0	 3.7160
1779.0	 3.7396
1784.0	 3.7547
1787.0	 3.7586
1791.0	 3.7553
1796.0	 3.7263
1798.0	 3.7001
1800.0	 3.6594
1801.0	 3.6329
1804.0	 3.6252
1808.0	 4.5642
1817.0	 4.1716
1825.0	 4.1265
1831.0	 4.1233
1839.0	 4.1326
1847.0	 4.1489
1851.0	 4.1585
1859.0	 4.1793
1871.0	 4.2133
1873.0	 4.2191
1882.0	 4.2461
1893.0	 4.2802
1897.0	 4.2928
1902.0	 4.3087
1909.0	 4.3313
1913.0	 4.3444
1920.0	 4.3675
1926.0	 4.3876
1933.0	 4.4113
1944.0	 4.4493
1953.0	 4.4810
1961.0	 4.5098
1972.0	 4.5503
1988.0	 4.6113
1999.0	 4.6549
2013.0	 4.7126
2022.0	 4.7511
2035.0	 4.8091
2050.0	 4.8800
2056.0	 4.9096
2069.0	 4.9769
2079.0	 5.0318
2091.0	 5.1019
2104.0	 5.1836
2113.0	 5.2442
2121.0	 5.3014
2131.0	 5.3775
2142.0	 5.4681
2158.0	 5.6147
2165.0	 5.6852
2175.0	 5.7937
2180.0	 5.8516
2192.0	 6.0017
2199.0	 6.0971
2205.0	 6.1839
2214.0	 6.3234
2221.0	 6.4400
2230.0	 6.6008
2237.0	 6.7347
2246.0	 6.9181
2255.0	 7.1136
2263.0	 7.2965
2270.0	 7.4620
2274.0	 7.5582
2285.0	 7.8236
2291.0	 7.9651
2302.0	 8.2042
2311.0	 8.3609
2316.0	 8.4224
2325.0	 8.4638
2332.0	 8.4315
2338.0	 8.5240
2340.0	 8.7389
2343.0	 9.7274
2345.0	 11.3372
2346.0	 12.5204
2347.0	 13.8465
2348.1	 15.1941
2349.0	 15.9802
2350.0	 16.3993
2352.0	 16.1041
2358.0	 13.6701
2362.0	 12.7454
2363.0	 12.5805
2366.0	 12.1885
2370.0	 11.8262
2373.0	 11.6277
2379.0	 11.3360
2384.0	 11.1527
2390.0	 10.9684
2394.0	 10.8568
2408.0	 10.4877
2417.0	 10.2461
2425.0	 10.0191
2434.0	 9.7407
2441.0	 9.4963
2445.0	 9.3388
2448.0	 9.2081
2454.0	 8.8965
2456.0	 8.7704
2462.0	 8.2722
2465.0	 7.9072
2469.0	 7.1807
2473.0	 5.9694
2476.0	 4.9435
2478.0	 5.2340
2482.0	 9.0493
2485.0	 10.2569
2493.0	 10.2172
2497.0	 10.0171
2500.0	 9.8812
2505.0	 9.6844
2512.0	 9.4548
2520.0	 9.2254
2530.0	 8.8740
2533.0	 8.6299
2536.0	 7.4905
2538.0	 11.3502
2541.0	 9.4918
2546.0	 9.1316
2554.0	 8.9281
2561.0	 8.8179
2565.0	 8.7661
2572.0	 8.6872
2577.0	 8.6376
2579.0	 8.6191
2585.0	 8.5671
2589.0	 8.5353
2595.0	 8.4911
2602.0	 8.4443
2608.0	 8.4079
2611.0	 8.3908
2616.0	 8.3640
2623.0	 8.3294
2628.0	 8.3068
2639.0	 8.2623
2644.0	 8.2443
2649.0	 8.2278
2657.0	 8.2029
2664.0	 8.1846
2671.0	 8.1678
2687.0	 8.1363
2695.0	 8.1237
2702.0	 8.1144
2710.0	 8.1054
2718.0	 8.0982
2724.0	 8.0937
2732.0	 8.0892
2739.0	 8.0864
2746.0	 8.0846
2760.0	 8.0839
2788.0	 8.0926
2812.0	 8.1093
2835.0	 8.1322
2864.0	 8.1694
2897.0	 8.2217
2916.0	 8.2562
2934.0	 8.2919
2963.0	 8.3555
2986.0	 8.4121
3015.0	 8.4928
3053.0	 8.6227
3081.0	 8.7511
3109.0	 8.9423
3133.0	 9.2328
3156.0	 9.8686
3175.0	 11.5854
3185.0	 14.6234
3189.0	 17.0670
3191.0	 18.4345
3194.0	 20.7654
3196.0	 45.7714
3198.0	 47.6942
3199.0	 45.5505
3212.0	 11.5597
3214.0	 10.4849
3218.0	 9.2464
3221.0	 8.7418
3225.0	 8.3454
3231.0	 8.0395
3254.0	 7.7101
3283.0	 7.4763
3316.0	 6.9251
3344.0	 5.9932
3363.0	 4.9969
3377.0	 4.0863
3386.0	 3.4892
3391.0	 3.1883
3400.0	 2.7796
