The data were generated by SigmaCalc version 2.0. Update of 10-09-2010. File created 12-8-2020.
N-14(pp) at 135.0 deg.
 keV     RTR
300.0	 1.0097
350.0	 1.0190
400.0	 1.0331
450.0	 1.0527
500.0	 1.0782
550.0	 1.1098
600.0	 1.1474
650.0	 1.1908
700.0	 1.2399
750.0	 1.2942
800.0	 1.3532
850.0	 1.4159
900.0	 1.4810
930.0	 1.5197
944.0	 1.5372
951.0	 1.5457
961.0	 1.5574
968.0	 1.5651
977.0	 1.5744
986.0	 1.5826
995.0	 1.5893
1003.0	 1.5932
1009.0	 1.5945
1016.0	 1.5932
1025.0	 1.5847
1033.0	 1.5652
1037.0	 1.5479
1042.0	 1.5133
1044.0	 1.4932
1047.0	 1.4520
1050.0	 1.3899
1056.0	 1.1094
1057.0	 1.0179
1059.0	 0.7749
1060.0	 0.6806
1063.0	 3.0276
1069.0	 2.4388
1070.0	 2.3624
1071.0	 2.3019
1074.0	 2.1795
1076.0	 2.1274
1078.0	 2.0890
1081.0	 2.0478
1084.0	 2.0193
1090.0	 1.9840
1094.0	 1.9701
1097.0	 1.9628
1101.0	 1.9561
1105.0	 1.9520
1114.0	 1.9491
1122.0	 1.9513
1134.0	 1.9597
1138.0	 1.9635
1146.0	 1.9720
1155.0	 1.9828
1162.0	 1.9919
1166.0	 1.9973
1180.0	 2.0172
1187.0	 2.0277
1194.0	 2.0383
1204.0	 2.0539
1210.0	 2.0634
1213.0	 2.0682
1217.0	 2.0747
1227.0	 2.0909
1234.0	 2.1023
1241.0	 2.1138
1250.0	 2.1287
1261.0	 2.1469
1267.0	 2.1568
1275.0	 2.1701
1285.0	 2.1866
1292.0	 2.1981
1300.0	 2.2111
1308.0	 2.2240
1316.0	 2.2368
1325.0	 2.2509
1332.0	 2.2617
1341.0	 2.2753
1347.0	 2.2842
1356.0	 2.2971
1366.0	 2.3109
1373.0	 2.3201
1383.0	 2.3325
1387.0	 2.3371
1397.0	 2.3479
1405.0	 2.3555
1412.0	 2.3613
1419.0	 2.3661
1431.0	 2.3715
1435.0	 2.3724
1438.0	 2.3727
1445.0	 2.3721
1453.0	 2.3688
1459.0	 2.3639
1462.0	 2.3606
1466.0	 2.3552
1470.0	 2.3485
1477.0	 2.3329
1484.0	 2.3116
1493.0	 2.2728
1500.0	 2.2310
1506.0	 2.1847
1508.0	 2.1666
1513.0	 2.1153
1520.0	 2.0278
1527.0	 1.9284
1529.0	 1.9017
1531.0	 1.8787
1534.0	 1.8572
1538.0	 1.8757
1545.0	 2.1687
1549.0	 2.5213
1552.0	 2.8259
1555.0	 3.1066
1558.0	 3.3259
1559.0	 3.3831
1564.0	 3.5626
1567.0	 3.6066
1572.0	 3.6219
1576.0	 3.6076
1582.0	 3.5710
1588.0	 3.5318
1592.0	 3.5077
1598.0	 3.4764
1602.0	 3.4587
1610.0	 3.4306
1617.0	 3.4128
1624.0	 3.4002
1629.0	 3.3939
1636.0	 3.3883
1641.0	 3.3862
1647.0	 3.3857
1650.0	 3.3861
1654.0	 3.3874
1661.0	 3.3914
1667.0	 3.3964
1670.0	 3.3995
1673.0	 3.4030
1677.0	 3.4082
1681.0	 3.4141
1690.0	 3.4305
1695.0	 3.4417
1704.0	 3.4678
1711.0	 3.4966
1716.0	 3.5260
1719.0	 3.5498
1725.0	 3.6251
1732.0	 3.8522
1733.0	 3.9184
1734.0	 4.0026
1735.0	 4.1120
1737.0	 4.4509
1738.0	 4.7143
1739.0	 5.0689
1740.0	 5.5454
1740.5	 5.8687
1741.0	 6.3732
1741.3	 6.9212
1741.6	 7.8487
1741.9	 8.8595
1742.1	 8.6906
1742.3	 7.8290
1742.6	 6.6471
1743.0	 5.8090
1743.5	 5.2872
1744.0	 4.9488
1745.0	 4.4728
1746.0	 4.1513
1747.0	 3.9353
1748.0	 3.7904
1749.0	 3.6921
1750.0	 3.6243
1751.0	 3.5767
1752.0	 3.5428
1753.0	 3.5184
1754.0	 3.5005
1756.0	 3.4777
1763.0	 3.4557
1769.0	 3.4587
1774.0	 3.4646
1779.0	 3.4705
1784.0	 3.4751
1787.0	 3.4763
1791.0	 3.4744
1796.0	 3.4593
1798.0	 3.4437
1800.0	 3.4149
1801.0	 3.3913
1804.0	 3.2463
1808.0	 3.5658
1817.0	 3.6227
1825.0	 3.6238
1831.0	 3.6302
1839.0	 3.6421
1847.0	 3.6558
1851.0	 3.6630
1859.0	 3.6780
1871.0	 3.7014
1873.0	 3.7053
1882.0	 3.7233
1893.0	 3.7456
1897.0	 3.7538
1902.0	 3.7641
1909.0	 3.7785
1913.0	 3.7867
1920.0	 3.8012
1926.0	 3.8137
1933.0	 3.8283
1944.0	 3.8514
1953.0	 3.8703
1961.0	 3.8872
1972.0	 3.9106
1988.0	 3.9448
1999.0	 3.9685
2013.0	 3.9990
2022.0	 4.0188
2035.0	 4.0477
2050.0	 4.0819
2056.0	 4.0958
2069.0	 4.1266
2079.0	 4.1510
2091.0	 4.1813
2104.0	 4.2156
2113.0	 4.2406
2121.0	 4.2638
2131.0	 4.2942
2142.0	 4.3301
2158.0	 4.3876
2165.0	 4.4152
2175.0	 4.4578
2180.0	 4.4807
2192.0	 4.5405
2199.0	 4.5792
2205.0	 4.6147
2214.0	 4.6729
2221.0	 4.7226
2230.0	 4.7929
2237.0	 4.8530
2246.0	 4.9380
2255.0	 5.0322
2263.0	 5.1242
2270.0	 5.2110
2274.0	 5.2632
2285.0	 5.4155
2291.0	 5.5031
2302.0	 5.6674
2311.0	 5.7992
2316.0	 5.8678
2325.0	 5.9760
2332.0	 6.0518
2338.0	 6.1952
2340.0	 6.3314
2343.0	 6.8289
2345.0	 7.5584
2346.0	 8.0717
2347.0	 8.6311
2348.1	 9.1805
2349.0	 9.4854
2350.0	 9.6290
2352.0	 9.4542
2358.0	 8.4293
2362.0	 8.0827
2363.0	 8.0250
2366.0	 7.8962
2370.0	 7.7923
2373.0	 7.7447
2379.0	 7.6921
2384.0	 7.6712
2390.0	 7.6578
2394.0	 7.6514
2408.0	 7.6229
2417.0	 7.5889
2425.0	 7.5434
2434.0	 7.4697
2441.0	 7.3892
2445.0	 7.3300
2448.0	 7.2766
2454.0	 7.1361
2456.0	 7.0746
2462.0	 6.8119
2465.0	 6.6054
2469.0	 6.1730
2473.0	 5.4119
2476.0	 4.7148
2478.0	 4.8275
2482.0	 7.2211
2485.0	 8.0651
2493.0	 8.1724
2497.0	 8.0865
2500.0	 8.0269
2505.0	 7.9427
2512.0	 7.8521
2520.0	 7.7794
2530.0	 7.7512
2533.0	 7.8001
2536.0	 8.3300
2538.0	 7.1140
2541.0	 7.4473
2546.0	 7.4998
2554.0	 7.4932
2561.0	 7.4747
2565.0	 7.4634
2572.0	 7.4441
2577.0	 7.4310
2579.0	 7.4260
2585.0	 7.4117
2589.0	 7.4028
2595.0	 7.3905
2602.0	 7.3776
2608.0	 7.3678
2611.0	 7.3633
2616.0	 7.3563
2623.0	 7.3477
2628.0	 7.3423
2639.0	 7.3327
2644.0	 7.3292
2649.0	 7.3264
2657.0	 7.3223
2664.0	 7.3205
2671.0	 7.3193
2687.0	 7.3195
2695.0	 7.3211
2702.0	 7.3232
2710.0	 7.3265
2718.0	 7.3305
2724.0	 7.3341
2732.0	 7.3394
2739.0	 7.3447
2746.0	 7.3504
2760.0	 7.3633
2788.0	 7.3939
2812.0	 7.4247
2835.0	 7.4574
2864.0	 7.5026
2897.0	 7.5583
2916.0	 7.5922
2934.0	 7.6253
2963.0	 7.6809
2986.0	 7.7268
3015.0	 7.7876
3053.0	 7.8749
3081.0	 7.9508
3109.0	 8.0518
3133.0	 8.1929
3156.0	 8.4910
3175.0	 9.3174
3185.0	 10.9933
3189.0	 12.8476
3191.0	 14.6628
3194.0	 22.3436
3196.0	 22.7211
3198.0	 18.3982
3199.0	 17.8519
3212.0	 8.4604
3214.0	 8.1349
3218.0	 7.7632
3221.0	 7.6141
3225.0	 7.4989
3231.0	 7.4105
3254.0	 7.2835
3283.0	 7.0795
3316.0	 6.5838
3344.0	 5.7756
3363.0	 4.9258
3377.0	 4.1533
3386.0	 3.6461
3391.0	 3.3893
3400.0	 3.0350
