The data were generated by SigmaCalc version 2.0. Update of 12-11-2013. File created 12-8-2020.
Na-23(pp) at 140.0 deg.
 keV     RTR
573.0	 0.9778
575.3	 0.9747
577.0	 0.9719
579.4	 0.9667
580.7	 0.9631
582.8	 0.9555
584.5	 0.9468
586.8	 0.9284
589.9	 0.8701
592.9	 0.6116
594.9	 1.0731
595.6	 1.1332
597.6	 1.1047
601.0	 1.0631
603.7	 1.0473
606.1	 1.0385
608.1	 1.0333
611.1	 1.0276
612.8	 1.0251
614.9	 1.0225
616.6	 1.0207
618.6	 1.0189
621.3	 1.0168
623.0	 1.0156
625.7	 1.0140
628.7	 1.0124
629.7	 1.0119
630.4	 1.0116
632.8	 1.0105
634.5	 1.0098
637.5	 1.0086
640.2	 1.0076
641.9	 1.0070
645.3	 1.0057
647.3	 1.0050
650.0	 1.0041
651.0	 1.0037
652.4	 1.0032
654.4	 1.0025
656.1	 1.0018
658.4	 1.0009
659.5	 1.0004
660.1	 1.0001
663.2	 0.9985
665.2	 0.9972
668.6	 0.9938
670.3	 0.9906
672.0	 0.9837
675.0	 0.8487
679.1	 1.0028
682.1	 0.9996
685.5	 0.9971
686.5	 0.9964
688.2	 0.9953
691.2	 0.9934
693.6	 0.9919
695.6	 0.9905
698.0	 0.9888
701.0	 0.9863
703.0	 0.9845
705.4	 0.9819
708.1	 0.9784
710.8	 0.9738
712.8	 0.9694
714.5	 0.9646
716.6	 0.9565
718.9	 0.9433
721.6	 0.9194
723.3	 0.9070
724.3	 0.9110
726.0	 0.9434
728.7	 0.9826
731.1	 0.9868
733.1	 0.9812
735.5	 0.9644
737.8	 0.9159
741.2	 0.9311
742.2	 0.9744
744.3	 0.9949
748.0	 0.9944
749.7	 0.9924
752.0	 0.9895
753.7	 0.9873
756.4	 0.9838
758.1	 0.9815
760.8	 0.9778
762.8	 0.9750
765.5	 0.9709
768.6	 0.9657
770.9	 0.9614
773.0	 0.9570
775.3	 0.9516
777.4	 0.9459
780.4	 0.9360
781.8	 0.9304
784.1	 0.9192
786.1	 0.9065
789.9	 0.8674
791.2	 0.8451
792.9	 0.8023
795.3	 0.7143
798.6	 0.8835
801.7	 0.9424
803.7	 0.9252
806.1	 0.8908
808.1	 0.8502
809.8	 0.8019
812.5	 0.7026
815.5	 1.2121
815.9	 1.2999
817.2	 1.3639
819.6	 1.2595
821.3	 1.2023
824.0	 1.1451
826.7	 1.1100
828.4	 1.0940
831.1	 1.0745
834.5	 1.0565
836.8	 1.0474
839.2	 1.0405
841.2	 1.0373
842.9	 1.0378
843.9	 1.0408
846.6	 1.0825
848.3	 1.3574
850.0	 0.8316
852.4	 0.9010
853.7	 0.9079
855.4	 0.9081
858.4	 0.8969
860.1	 0.8864
861.5	 0.8757
863.9	 0.8529
866.6	 0.8199
869.9	 0.7723
872.3	 0.7576
874.7	 0.8670
877.0	 1.2237
878.7	 1.4408
881.8	 1.4434
884.1	 1.3653
885.8	 1.3153
888.5	 1.2542
890.2	 1.2246
892.6	 1.1910
895.3	 1.1609
897.0	 1.1447
900.0	 1.1193
902.4	 1.1006
904.7	 1.0829
907.1	 1.0635
909.8	 1.0385
911.8	 1.0158
914.2	 0.9796
916.6	 0.9254
919.3	 0.8371
921.6	 1.0291
923.6	 1.4168
925.0	 1.3872
927.4	 1.2957
930.4	 1.2292
932.4	 1.2022
934.5	 1.1816
936.5	 1.1667
938.2	 1.1564
941.6	 1.1402
943.6	 1.1326
944.9	 1.1281
948.6	 1.1173
950.3	 1.1130
952.0	 1.1090
954.4	 1.1039
958.8	 1.0955
963.5	 1.0876
967.9	 1.0808
973.3	 1.0730
978.0	 1.0664
982.8	 1.0594
987.5	 1.0522
991.6	 1.0452
996.3	 1.0359
1001.0	 1.0240
1003.7	 1.0152
1006.1	 1.0056
1008.8	 0.9916
1010.8	 0.9779
1013.2	 0.9555
1015.2	 0.9297
1016.9	 0.9016
1017.9	 0.8839
1019.9	 0.8716
1021.6	 0.9556
1023.0	 1.0807
1024.3	 1.1538
1025.0	 1.1704
1026.0	 1.1776
1028.0	 1.1680
1031.8	 1.1393
1033.1	 1.1313
1035.5	 1.1191
1038.5	 1.1073
1040.5	 1.1010
1043.2	 1.0938
1045.3	 1.0891
1047.3	 1.0851
1050.3	 1.0798
1052.0	 1.0771
1055.1	 1.0727
1057.1	 1.0701
1058.8	 1.0680
1061.5	 1.0649
1065.2	 1.0610
1070.3	 1.0561
1074.7	 1.0521
1079.4	 1.0481
1082.1	 1.0459
1084.5	 1.0440
1086.1	 1.0427
1088.9	 1.0405
1090.5	 1.0392
1092.2	 1.0379
1094.6	 1.0360
1097.6	 1.0337
1099.3	 1.0324
1100.3	 1.0316
1102.7	 1.0297
1104.7	 1.0281
1107.1	 1.0262
1109.8	 1.0239
1112.2	 1.0219
1114.5	 1.0199
1115.9	 1.0187
1118.2	 1.0166
1119.9	 1.0150
1122.0	 1.0130
1124.7	 1.0103
1127.4	 1.0074
1130.1	 1.0044
1131.1	 1.0032
1133.8	 0.9997
1136.8	 0.9955
1138.5	 0.9929
1141.6	 0.9876
1142.6	 0.9857
1146.3	 0.9777
1148.0	 0.9733
1151.4	 0.9625
1153.7	 0.9532
1155.7	 0.9429
1158.4	 0.9241
1160.5	 0.9032
1162.2	 0.8793
1163.9	 0.8454
1166.2	 0.7817
1168.2	 0.9364
1170.6	 1.5841
1172.3	 1.3614
1173.0	 1.3045
1173.3	 1.2848
1174.3	 1.2335
1175.3	 1.1973
1178.0	 1.1385
1180.7	 1.1064
1182.8	 1.0898
1185.1	 1.0764
1187.5	 1.0658
1189.5	 1.0586
1192.2	 1.0506
1194.9	 1.0440
1197.3	 1.0390
1199.0	 1.0358
1201.4	 1.0317
1204.1	 1.0275
1206.4	 1.0243
1208.4	 1.0216
1211.1	 1.0182
1213.2	 1.0156
1215.5	 1.0130
1217.6	 1.0106
1220.3	 1.0076
1222.3	 1.0055
1226.7	 1.0007
1231.1	 0.9959
1235.5	 0.9909
1240.5	 0.9847
1244.9	 0.9786
1246.6	 0.9760
1249.0	 0.9720
1251.7	 0.9669
1254.4	 0.9611
1255.7	 0.9579
1258.8	 0.9491
1261.5	 0.9395
1263.9	 0.9285
1265.5	 0.9195
1267.9	 0.9020
1269.9	 0.8823
1273.0	 0.8388
1275.0	 0.8125
1278.7	 1.0392
1279.7	 1.1152
1282.1	 1.1396
1284.5	 1.1073
1286.5	 1.0829
1288.2	 1.0662
1290.5	 1.0477
1293.2	 1.0299
1296.3	 1.0115
1298.6	 0.9978
1301.0	 0.9820
1303.4	 0.9626
1305.1	 0.9449
1306.8	 0.9214
1308.4	 0.8900
1311.5	 0.7857
1314.5	 1.6641
1316.6	 1.2672
1318.2	 1.1377
1319.6	 1.0478
1320.9	 0.9671
1323.0	 1.1514
1325.3	 1.1790
1327.7	 1.1494
1330.4	 1.1268
1332.8	 1.1134
1335.1	 1.1041
1337.2	 1.0976
1339.9	 1.0912
1342.2	 1.0871
1344.3	 1.0841
1345.3	 1.0829
1349.3	 1.0792
1351.4	 1.0778
1353.7	 1.0768
1356.1	 1.0762
1358.1	 1.0759
1359.5	 1.0760
1361.1	 1.0761
1362.2	 1.0764
1364.5	 1.0771
1366.6	 1.0782
1369.6	 1.0805
1371.6	 1.0827
1374.7	 1.0873
1376.4	 1.0908
1379.7	 1.1011
1381.1	 1.1077
1384.5	 1.1372
1386.5	 1.1793
1388.9	 1.3691
1390.9	 1.6678
1393.9	 0.9795
1394.6	 0.9883
1395.9	 1.0021
1396.6	 1.0080
1399.3	 1.0242
1402.4	 1.0354
1404.1	 1.0398
1406.8	 1.0453
1409.5	 1.0497
1412.2	 1.0533
1414.5	 1.0559
1415.9	 1.0573
1417.6	 1.0588
1420.3	 1.0610
1423.3	 1.0629
1425.7	 1.0640
1428.0	 1.0648
1430.4	 1.0650
1432.4	 1.0647
1433.8	 1.0642
1436.8	 1.0617
1439.2	 1.0580
1441.2	 1.0532
1442.9	 1.0472
1446.3	 1.0269
1448.3	 1.0071
1451.0	 0.9785
1452.4	 1.0002
1455.1	 1.2416
1457.8	 1.2854
1458.8	 1.2741
1460.1	 1.2594
1462.2	 1.2412
1464.2	 1.2297
1467.6	 1.2188
1469.3	 1.2160
1472.0	 1.2137
1473.3	 1.2133
1475.3	 1.2134
1478.0	 1.2147
