4	31	208																																																																																																																																																																																																													
30	35	40	45	50	55	60	65	70	75	80	85	90	95	100	105	110	115	120	125	130	135	140	145	150	155	160	165	170	175	180																																																																																																																																																																																	
580	600	620	640	660	680	700	720	740	760	780	800	820	840	860	880	900	920	940	960	980	1000	1020	1040	1060	1080	1100	1120	1140	1160	1180	1200	1220	1240	1260	1280	1300	1320	1340	1360	1380	1400	1420	1440	1460	1480	1500	1520	1540	1560	1580	1600	1620	1640	1660	1680	1700	1720	1740	1760	1780	1800	1820	1840	1860	1880	1900	1920	1940	1960	1980	2000	2020	2040	2060	2080	2100	2120	2140	2160	2180	2200	2220	2240	2260	2280	2300	2320	2340	2360	2380	2400	2420	2440	2460	2480	2500	2520	2540	2560	2580	2600	2620	2630	2640	2645	2650	2655	2657	2660	2661	2662	2663	2664	2665	2670	2675	2680	2700	2720	2740	2760	2780	2800	2820	2840	2860	2880	2900	2920	2940	2960	2980	3000	3020	3040	3060	3080	3100	3120	3140	3160	3180	3200	3220	3240	3260	3280	3300	3320	3340	3360	3380	3400	3420	3430	3435	3440	3445	3450	3455	3458	3460	3462	3465	3466	3467	3468	3469	3470	3471	3472	3475	3478	3480	3490	3500	3510	3520	3530	3540	3560	3580	3600	3620	3640	3660	3680	3700	3720	3740	3760	3780	3800	3820	3840	3860	3880	3900	3920	3940	3960	3980	4000	4020	4040	4060	4080
1	1	1	1	1	1	1	1	1	1	1	1	1	1	1	1	1	1	1	1	1	1	1	1	1	1	1	1	1	1	1																																																																																																																																																																																	
1.0031	0.9941	0.9836	0.9739	0.9671	0.9642	0.9655	0.9709	0.9795	0.9904	1.0027	1.0152	1.0271	1.0377	1.0464	1.053	1.0573	1.0594	1.0593	1.0574	1.0539	1.0494	1.044	1.0383	1.0326	1.0271	1.0223	1.0183	1.0153	1.0134	1.0128																																																																																																																																																																																	
1.0019	0.9922	0.9812	0.9714	0.9646	0.9621	0.964	0.9701	0.9795	0.9914	1.0046	1.0181	1.031	1.0426	1.0523	1.0597	1.0649	1.0677	1.0683	1.0671	1.0642	1.0601	1.0552	1.0498	1.0444	1.0392	1.0345	1.0306	1.0277	1.0259	1.0253																																																																																																																																																																																	
1.0006	0.9902	0.9787	0.9688	0.9622	0.96	0.9626	0.9694	0.9797	0.9925	1.0067	1.0213	1.0352	1.0478	1.0585	1.067	1.073	1.0767	1.0781	1.0775	1.0752	1.0717	1.0672	1.0622	1.0571	1.0521	1.0476	1.0439	1.0411	1.0393	1.0387																																																																																																																																																																																	
0.9992	0.9881	0.9762	0.9661	0.9597	0.958	0.9611	0.9687	0.98	0.9938	1.0091	1.0247	1.0398	1.0535	1.0653	1.0747	1.0817	1.0863	1.0885	1.0887	1.087	1.084	1.0801	1.0755	1.0707	1.066	1.0617	1.0581	1.0554	1.0537	1.0531																																																																																																																																																																																	
0.9977	0.9859	0.9736	0.9634	0.9572	0.9559	0.9597	0.9682	0.9804	0.9953	1.0117	1.0285	1.0447	1.0596	1.0725	1.083	1.091	1.0965	1.0996	1.1005	1.0996	1.0972	1.0938	1.0896	1.0852	1.0808	1.0767	1.0733	1.0707	1.0691	1.0686																																																																																																																																																																																	
0.9961	0.9837	0.971	0.9607	0.9547	0.9539	0.9584	0.9677	0.981	0.9969	1.0145	1.0325	1.05	1.066	1.0801	1.0918	1.1009	1.1074	1.1114	1.1131	1.113	1.1112	1.1083	1.1046	1.1006	1.0965	1.0927	1.0895	1.087	1.0855	1.085																																																																																																																																																																																	
0.9945	0.9813	0.9682	0.9579	0.9522	0.9519	0.9571	0.9674	0.9816	0.9988	1.0176	1.0369	1.0556	1.0729	1.0883	1.1011	1.1114	1.1189	1.1239	1.1265	1.1271	1.126	1.1237	1.1206	1.1169	1.1132	1.1097	1.1067	1.1044	1.1029	1.1024																																																																																																																																																																																	
0.9927	0.9789	0.9655	0.9551	0.9496	0.9499	0.9559	0.9671	0.9825	1.0008	1.0209	1.0415	1.0616	1.0802	1.0969	1.111	1.1224	1.131	1.137	1.1406	1.142	1.1417	1.14	1.1374	1.1342	1.1308	1.1276	1.1248	1.1227	1.1213	1.1208																																																																																																																																																																																	
0.9909	0.9764	0.9626	0.9523	0.9471	0.9479	0.9548	0.9669	0.9835	1.0031	1.0245	1.0464	1.0679	1.0879	1.1059	1.1213	1.134	1.1438	1.1508	1.1553	1.1576	1.1581	1.1571	1.155	1.1524	1.1494	1.1465	1.144	1.142	1.1407	1.1403																																																																																																																																																																																	
0.9889	0.9739	0.9598	0.9494	0.9446	0.946	0.9537	0.9669	0.9846	1.0055	1.0283	1.0517	1.0746	1.0961	1.1154	1.1322	1.1461	1.1571	1.1653	1.1709	1.1741	1.1753	1.175	1.1736	1.1715	1.1689	1.1664	1.1641	1.1623	1.1611	1.1607																																																																																																																																																																																	
0.9869	0.9712	0.9568	0.9465	0.942	0.9441	0.9526	0.9669	0.9858	1.0081	1.0323	1.0572	1.0816	1.1046	1.1254	1.1436	1.1589	1.1711	1.1805	1.1871	1.1913	1.1934	1.1939	1.1931	1.1915	1.1894	1.1872	1.1852	1.1835	1.1825	1.1822																																																																																																																																																																																	
0.9849	0.9686	0.9539	0.9436	0.9395	0.9422	0.9517	0.9671	0.9873	1.0109	1.0366	1.063	1.0889	1.1135	1.1358	1.1555	1.1721	1.1857	1.1963	1.204	1.2092	1.2122	1.2135	1.2134	1.2124	1.2108	1.209	1.2072	1.2058	1.2049	1.2046																																																																																																																																																																																	
0.9827	0.9659	0.9509	0.9407	0.937	0.9404	0.9508	0.9673	0.9888	1.0139	1.0411	1.0691	1.0966	1.1227	1.1467	1.1678	1.186	1.2009	1.2128	1.2217	1.2279	1.2319	1.234	1.2346	1.2342	1.2331	1.2317	1.2303	1.2291	1.2283	1.228																																																																																																																																																																																	
0.9805	0.9631	0.9479	0.9378	0.9345	0.9386	0.95	0.9677	0.9905	1.017	1.0458	1.0754	1.1046	1.1324	1.158	1.1807	1.2004	1.2167	1.2299	1.24	1.2474	1.2523	1.2553	1.2567	1.2569	1.2563	1.2554	1.2543	1.2533	1.2527	1.2525																																																																																																																																																																																	
0.9783	0.9603	0.9449	0.9349	0.932	0.9369	0.9492	0.9681	0.9923	1.0204	1.0508	1.0821	1.113	1.1424	1.1697	1.1941	1.2153	1.2331	1.2477	1.2591	1.2676	1.2736	1.2774	1.2796	1.2805	1.2805	1.28	1.2793	1.2786	1.2781	1.2779																																																																																																																																																																																	
0.976	0.9574	0.9418	0.9319	0.9295	0.9352	0.9485	0.9687	0.9943	1.0239	1.0559	1.089	1.1216	1.1529	1.1818	1.2079	1.2307	1.2501	1.2661	1.2788	1.2885	1.2956	1.3004	1.3034	1.305	1.3056	1.3056	1.3052	1.3047	1.3044	1.3043																																																																																																																																																																																	
0.9737	0.9546	0.9387	0.929	0.9271	0.9335	0.9479	0.9693	0.9964	1.0276	1.0613	1.0961	1.1306	1.1636	1.1944	1.2222	1.2467	1.2677	1.2851	1.2992	1.3101	1.3183	1.3242	1.328	1.3304	1.3316	1.3321	1.3321	1.3319	1.3317	1.3317																																																																																																																																																																																	
0.9713	0.9517	0.9356	0.9261	0.9247	0.9319	0.9473	0.9701	0.9986	1.0315	1.0669	1.1035	1.1399	1.1748	1.2074	1.237	1.2632	1.2858	1.3048	1.3203	1.3325	1.3419	1.3487	1.3535	1.3566	1.3585	1.3595	1.3599	1.36	1.36	1.36																																																																																																																																																																																	
0.9688	0.9487	0.9325	0.9232	0.9223	0.9303	0.9469	0.9709	1.001	1.0355	1.0728	1.1112	1.1494	1.1862	1.2207	1.2522	1.2802	1.3045	1.325	1.342	1.3556	1.3662	1.3741	1.3798	1.3838	1.3863	1.3878	1.3887	1.3891	1.3892	1.3893																																																																																																																																																																																	
0.9664	0.9458	0.9294	0.9202	0.9199	0.9288	0.9465	0.9718	1.0035	1.0397	1.0788	1.1191	1.1593	1.1981	1.2345	1.2678	1.2977	1.3237	1.3459	1.3644	1.3794	1.3912	1.4003	1.407	1.4117	1.415	1.4171	1.4184	1.4191	1.4194	1.4195																																																																																																																																																																																	
0.9638	0.9428	0.9263	0.9173	0.9175	0.9273	0.9461	0.9729	1.0061	1.044	1.085	1.1273	1.1694	1.2102	1.2486	1.2839	1.3156	1.3435	1.3673	1.3874	1.4038	1.417	1.4272	1.4349	1.4405	1.4445	1.4472	1.449	1.45	1.4506	1.4507																																																																																																																																																																																	
0.9613	0.9398	0.9231	0.9144	0.9152	0.9258	0.9458	0.974	1.0088	1.0485	1.0914	1.1357	1.1798	1.2227	1.2632	1.3005	1.3341	1.3638	1.3894	1.4111	1.429	1.4434	1.4549	1.4637	1.4702	1.475	1.4783	1.4805	1.4819	1.4826	1.4829																																																																																																																																																																																	
0.9587	0.9367	0.92	0.9115	0.9129	0.9244	0.9456	0.9752	1.0117	1.0532	1.098	1.1443	1.1905	1.2355	1.278	1.3174	1.353	1.3846	1.412	1.4353	1.4548	1.4707	1.4833	1.4932	1.5007	1.5062	1.5102	1.5129	1.5147	1.5156	1.5159																																																																																																																																																																																	
0.9561	0.9337	0.9169	0.9086	0.9106	0.9231	0.9454	0.9765	1.0146	1.058	1.1047	1.1531	1.2015	1.2486	1.2933	1.3348	1.3724	1.4059	1.4352	1.4602	1.4813	1.4986	1.5125	1.5235	1.532	1.5384	1.543	1.5462	1.5483	1.5495	1.5499																																																																																																																																																																																	
0.9535	0.9306	0.9137	0.9058	0.9083	0.9217	0.9453	0.9779	1.0177	1.0629	1.1117	1.1622	1.2127	1.262	1.3089	1.3525	1.3923	1.4278	1.4589	1.4858	1.5084	1.5272	1.5425	1.5546	1.5641	1.5713	1.5767	1.5804	1.5829	1.5843	1.5848																																																																																																																																																																																	
0.9509	0.9276	0.9106	0.9029	0.9061	0.9204	0.9453	0.9793	1.0209	1.068	1.1188	1.1714	1.2242	1.2757	1.3249	1.3707	1.4126	1.4501	1.4832	1.5119	1.5362	1.5565	1.5731	1.5865	1.597	1.6051	1.6112	1.6155	1.6184	1.62	1.6205																																																																																																																																																																																	
0.9482	0.9245	0.9074	0.9001	0.9039	0.9192	0.9453	0.9809	1.0241	1.0732	1.1261	1.1809	1.2359	1.2898	1.3412	1.3892	1.4333	1.473	1.5081	1.5386	1.5646	1.5865	1.6045	1.6192	1.6307	1.6397	1.6465	1.6514	1.6547	1.6566	1.6572																																																																																																																																																																																	
0.9455	0.9214	0.9043	0.8972	0.9017	0.918	0.9454	0.9825	1.0275	1.0785	1.1335	1.1905	1.2479	1.304	1.3578	1.4082	1.4545	1.4963	1.5334	1.5658	1.5937	1.6171	1.6366	1.6525	1.6652	1.6752	1.6827	1.6882	1.6919	1.694	1.6947																																																																																																																																																																																	
0.9428	0.9183	0.9011	0.8944	0.8995	0.9168	0.9455	0.9841	1.031	1.084	1.1411	1.2004	1.2601	1.3186	1.3747	1.4275	1.4761	1.5201	1.5593	1.5937	1.6233	1.6484	1.6694	1.6866	1.7005	1.7114	1.7197	1.7258	1.7299	1.7323	1.7331																																																																																																																																																																																	
0.9401	0.9152	0.898	0.8916	0.8974	0.9157	0.9456	0.9859	1.0345	1.0896	1.1489	1.2104	1.2725	1.3334	1.392	1.4471	1.4981	1.5443	1.5857	1.6221	1.6536	1.6804	1.7029	1.7215	1.7365	1.7484	1.7575	1.7642	1.7688	1.7714	1.7723																																																																																																																																																																																	
0.9374	0.9121	0.8949	0.8888	0.8953	0.9146	0.9459	0.9877	1.0382	1.0952	1.1568	1.2207	1.2851	1.3485	1.4096	1.4671	1.5205	1.569	1.6126	1.651	1.6844	1.713	1.7371	1.757	1.7732	1.7861	1.7961	1.8034	1.8085	1.8114	1.8124																																																																																																																																																																																	
0.9346	0.909	0.8917	0.886	0.8932	0.9135	0.9461	0.9896	1.0419	1.101	1.1648	1.2311	1.298	1.3639	1.4274	1.4875	1.5433	1.5942	1.64	1.6805	1.7158	1.7462	1.7719	1.7933	1.8107	1.8247	1.8355	1.8435	1.849	1.8522	1.8533																																																																																																																																																																																	
0.9318	0.9059	0.8886	0.8832	0.8911	0.9124	0.9464	0.9915	1.0457	1.1069	1.173	1.2416	1.311	1.3795	1.4456	1.5082	1.5664	1.6198	1.6678	1.7105	1.7479	1.7801	1.8074	1.8302	1.8489	1.8639	1.8756	1.8843	1.8903	1.8939	1.895																																																																																																																																																																																	
0.9291	0.9028	0.8855	0.8804	0.889	0.9114	0.9467	0.9935	1.0496	1.1129	1.1812	1.2524	1.3243	1.3953	1.464	1.5292	1.59	1.6458	1.6962	1.741	1.7804	1.8145	1.8435	1.8678	1.8879	1.904	1.9165	1.9259	1.9324	1.9363	1.9375																																																																																																																																																																																	
0.9263	0.8996	0.8824	0.8777	0.887	0.9104	0.9471	0.9955	1.0536	1.119	1.1897	1.2632	1.3378	1.4114	1.4828	1.5506	1.6139	1.6722	1.725	1.7721	1.8135	1.8495	1.8803	1.9061	1.9275	1.9447	1.9582	1.9683	1.9753	1.9794	1.9808																																																																																																																																																																																	
0.9235	0.8965	0.8793	0.8749	0.8849	0.9094	0.9475	0.9976	1.0576	1.1252	1.1982	1.2743	1.3514	1.4277	1.5018	1.5722	1.6382	1.699	1.7542	1.8036	1.8472	1.8851	1.9176	1.9451	1.9678	1.9862	2.0006	2.0115	2.019	2.0234	2.0249																																																																																																																																																																																	
0.9207	0.8934	0.8761	0.8722	0.8829	0.9085	0.948	0.9997	1.0617	1.1315	1.2069	1.2855	1.3652	1.4443	1.521	1.5942	1.6629	1.7262	1.7839	1.8356	1.8814	1.9213	1.9556	1.9846	2.0088	2.0283	2.0437	2.0553	2.0634	2.0681	2.0697																																																																																																																																																																																	
0.9179	0.8903	0.873	0.8694	0.8809	0.9076	0.9485	1.0019	1.0659	1.1379	1.2156	1.2968	1.3792	1.461	1.5405	1.6165	1.6878	1.7539	1.814	1.8681	1.9161	1.9581	1.9942	2.0249	2.0504	2.0712	2.0876	2.1	2.1086	2.1136	2.1153																																																																																																																																																																																	
0.9151	0.8872	0.8699	0.8667	0.8789	0.9067	0.949	1.0042	1.0701	1.1443	1.2245	1.3083	1.3934	1.4779	1.5603	1.639	1.7132	1.7818	1.8446	1.9011	1.9514	1.9954	2.0334	2.0657	2.0927	2.1147	2.1321	2.1453	2.1544	2.1599	2.1617																																																																																																																																																																																	
0.9123	0.884	0.8668	0.864	0.8769	0.9058	0.9495	1.0064	1.0744	1.1509	1.2335	1.3199	1.4077	1.4951	1.5803	1.6619	1.7388	1.8102	1.8756	1.9345	1.9871	2.0332	2.0732	2.1072	2.1356	2.1589	2.1773	2.1913	2.201	2.2068	2.2087																																																																																																																																																																																	
0.9095	0.8809	0.8638	0.8613	0.875	0.9049	0.9501	1.0087	1.0787	1.1575	1.2426	1.3316	1.4222	1.5124	1.6005	1.685	1.7648	1.8389	1.9069	1.9684	2.0233	2.0716	2.1135	2.1492	2.1792	2.2037	2.2232	2.238	2.2484	2.2545	2.2565																																																																																																																																																																																	
0.9067	0.8778	0.8607	0.8586	0.873	0.9041	0.9507	1.0111	1.0831	1.1641	1.2518	1.3434	1.4369	1.53	1.621	1.7084	1.791	1.868	1.9387	2.0027	2.06	2.1105	2.1544	2.1919	2.2234	2.2492	2.2698	2.2854	2.2963	2.3028	2.3049																																																																																																																																																																																	
0.9039	0.8747	0.8576	0.8559	0.8711	0.9032	0.9513	1.0135	1.0875	1.1709	1.261	1.3554	1.4517	1.5477	1.6417	1.732	1.8176	1.8974	1.9709	2.0375	2.0972	2.1499	2.1958	2.2351	2.2682	2.2954	2.317	2.3335	2.345	2.3518	2.3541																																																																																																																																																																																	
0.901	0.8715	0.8545	0.8532	0.8692	0.9024	0.9519	1.0159	1.092	1.1777	1.2704	1.3675	1.4666	1.5656	1.6626	1.756	1.8445	1.9272	2.0034	2.0727	2.1348	2.1898	2.2377	2.2789	2.3136	2.3421	2.3649	2.3822	2.3943	2.4016	2.4039																																																																																																																																																																																	
0.8982	0.8684	0.8514	0.8505	0.8672	0.9016	0.9526	1.0183	1.0965	1.1846	1.2798	1.3797	1.4817	1.5837	1.6837	1.7801	1.8716	1.9573	2.0363	2.1083	2.1729	2.2302	2.2802	2.3232	2.3596	2.3895	2.4134	2.4316	2.4443	2.4519	2.4544																																																																																																																																																																																	
0.8954	0.8653	0.8483	0.8478	0.8653	0.9008	0.9532	1.0208	1.1011	1.1915	1.2893	1.392	1.4969	1.6019	1.705	1.8045	1.8991	1.9877	2.0696	2.1442	2.2114	2.2711	2.3232	2.3681	2.4061	2.4374	2.4625	2.4816	2.495	2.5029	2.5056																																																																																																																																																																																	
0.8926	0.8622	0.8453	0.8452	0.8634	0.9	0.9539	1.0233	1.1057	1.1984	1.2989	1.4043	1.5122	1.6203	1.7265	1.8291	1.9268	2.0184	2.1032	2.1806	2.2504	2.3124	2.3667	2.4135	2.4532	2.4859	2.5122	2.5322	2.5462	2.5546	2.5574																																																																																																																																																																																	
0.8897	0.8591	0.8422	0.8425	0.8615	0.8992	0.9546	1.0258	1.1103	1.2055	1.3086	1.4168	1.5277	1.6388	1.7482	1.8539	1.9547	2.0494	2.1371	2.2174	2.2897	2.3542	2.4107	2.4595	2.5009	2.535	2.5625	2.5834	2.5981	2.6069	2.6098																																																																																																																																																																																	
0.8869	0.856	0.8391	0.8398	0.8596	0.8985	0.9553	1.0283	1.115	1.2126	1.3183	1.4294	1.5433	1.6575	1.77	1.879	1.983	2.0807	2.1714	2.2545	2.3295	2.3964	2.4552	2.5059	2.549	2.5847	2.6133	2.6352	2.6506	2.6598	2.6628																																																																																																																																																																																	
0.8841	0.8528	0.836	0.8371	0.8577	0.8977	0.9561	1.0309	1.1196	1.2197	1.3281	1.442	1.559	1.6763	1.7921	1.9043	2.0114	2.1123	2.2061	2.292	2.3697	2.4391	2.5001	2.5529	2.5978	2.6349	2.6648	2.6876	2.7037	2.7133	2.7164																																																																																																																																																																																	
0.8812	0.8497	0.833	0.8345	0.8558	0.8969	0.9568	1.0334	1.1244	1.2268	1.3379	1.4548	1.5747	1.6953	1.8143	1.9297	2.0401	2.1442	2.241	2.3298	2.4103	2.4822	2.5455	2.6003	2.647	2.6857	2.7168	2.7406	2.7574	2.7674	2.7706																																																																																																																																																																																	
0.8784	0.8466	0.8299	0.8318	0.8539	0.8962	0.9575	1.036	1.1291	1.234	1.3478	1.4676	1.5906	1.7144	1.8366	1.9554	2.0691	2.1763	2.2762	2.368	2.4512	2.5257	2.5913	2.6483	2.6967	2.7369	2.7693	2.7941	2.8116	2.822	2.8254																																																																																																																																																																																	
0.8755	0.8435	0.8268	0.8291	0.852	0.8954	0.9583	1.0386	1.1339	1.2413	1.3578	1.4805	1.6066	1.7336	1.8591	1.9812	2.0982	2.2087	2.3118	2.4065	2.4926	2.5696	2.6376	2.6967	2.7469	2.7888	2.8224	2.8482	2.8664	2.8772	2.8808																																																																																																																																																																																	
0.8727	0.8404	0.8238	0.8264	0.8501	0.8946	0.959	1.0412	1.1387	1.2485	1.3678	1.4934	1.6227	1.7529	1.8818	2.0073	2.1276	2.2414	2.3476	2.4454	2.5342	2.6139	2.6843	2.7455	2.7976	2.8411	2.876	2.9028	2.9217	2.933	2.9367																																																																																																																																																																																	
0.8698	0.8372	0.8207	0.8238	0.8482	0.8939	0.9598	1.0438	1.1435	1.2558	1.3778	1.5065	1.6389	1.7724	1.9046	2.0335	2.1572	2.2743	2.3837	2.4845	2.5763	2.6586	2.7315	2.7948	2.8488	2.8938	2.9301	2.9579	2.9776	2.9893	2.9932																																																																																																																																																																																	
0.867	0.8341	0.8176	0.8211	0.8463	0.8931	0.9605	1.0465	1.1483	1.2631	1.3879	1.5195	1.6551	1.7919	1.9276	2.0598	2.1869	2.3074	2.4201	2.524	2.6187	2.7037	2.779	2.8445	2.9005	2.9471	2.9847	3.0136	3.034	3.0462	3.0502																																																																																																																																																																																	
0.8641	0.831	0.8145	0.8184	0.8443	0.8924	0.9613	1.0491	1.1531	1.2705	1.398	1.5327	1.6714	1.8116	1.9506	2.0864	2.2169	2.3408	2.4567	2.5638	2.6614	2.7492	2.8269	2.8947	2.9526	3.0009	3.0399	3.0698	3.0909	3.1035	3.1077																																																																																																																																																																																	
0.8613	0.8279	0.8114	0.8157	0.8424	0.8916	0.962	1.0517	1.158	1.2779	1.4082	1.5459	1.6878	1.8313	1.9738	2.113	2.2471	2.3744	2.4936	2.6038	2.7045	2.795	2.8753	2.9453	3.0051	3.0551	3.0955	3.1265	3.1484	3.1614	3.1658																																																																																																																																																																																	
0.8584	0.8247	0.8083	0.813	0.8405	0.8908	0.9628	1.0543	1.1628	1.2852	1.4184	1.5591	1.7043	1.8512	1.9971	2.1399	2.2774	2.4081	2.5307	2.6442	2.7478	2.8411	2.924	2.9963	3.0581	3.1098	3.1515	3.1836	3.2063	3.2198	3.2243																																																																																																																																																																																	
0.8556	0.8216	0.8052	0.8103	0.8386	0.89	0.9635	1.057	1.1677	1.2926	1.4286	1.5724	1.7208	1.8711	2.0206	2.1668	2.3079	2.4421	2.5681	2.6848	2.7915	2.8876	2.973	3.0476	3.1115	3.1649	3.208	3.2412	3.2647	3.2787	3.2834																																																																																																																																																																																	
0.8527	0.8184	0.8021	0.8076	0.8366	0.8892	0.9643	1.0596	1.1726	1.3001	1.4388	1.5857	1.7374	1.8911	2.0441	2.1939	2.3386	2.4763	2.6057	2.7257	2.8354	2.9345	3.0225	3.0994	3.1654	3.2205	3.265	3.2993	3.3236	3.3381	3.3429																																																																																																																																																																																	
0.8499	0.8153	0.799	0.8049	0.8347	0.8884	0.965	1.0622	1.1774	1.3075	1.4491	1.599	1.754	1.9112	2.0677	2.2211	2.3694	2.5107	2.6435	2.7668	2.8797	2.9816	3.0723	3.1516	3.2196	3.2765	3.3225	3.3579	3.383	3.3979	3.4029																																																																																																																																																																																	
0.847	0.8121	0.7959	0.8022	0.8327	0.8876	0.9657	1.0649	1.1823	1.3149	1.4594	1.6124	1.7707	1.9313	2.0914	2.2485	2.4004	2.5452	2.6816	2.8082	2.9242	3.0291	3.1224	3.2041	3.2742	3.3329	3.3803	3.4169	3.4428	3.4582	3.4633																																																																																																																																																																																	
0.8441	0.809	0.7928	0.7994	0.8307	0.8868	0.9664	1.0675	1.1872	1.3223	1.4697	1.6258	1.7874	1.9515	2.1152	2.2759	2.4315	2.58	2.7198	2.8498	2.9691	3.0769	3.1729	3.257	3.3292	3.3897	3.4386	3.4763	3.503	3.5189	3.5242																																																																																																																																																																																	
0.8412	0.8058	0.7896	0.7967	0.8287	0.886	0.9671	1.0701	1.192	1.3298	1.48	1.6392	1.8042	1.9718	2.1391	2.3035	2.4627	2.6148	2.7583	2.8917	3.0141	3.1249	3.2237	3.3103	3.3846	3.4469	3.4973	3.5362	3.5637	3.5802	3.5856																																																																																																																																																																																	
0.8383	0.8026	0.7865	0.7939	0.8267	0.8851	0.9678	1.0727	1.1969	1.3372	1.4903	1.6527	1.821	1.9921	2.163	2.3311	2.4941	2.6499	2.7969	2.9337	3.0594	3.1733	3.2748	3.3639	3.4404	3.5045	3.5565	3.5965	3.6249	3.6418	3.6474																																																																																																																																																																																	
0.8354	0.7994	0.7833	0.7911	0.8247	0.8842	0.9685	1.0753	1.2017	1.3447	1.5006	1.6661	1.8378	2.0124	2.187	2.3588	2.5255	2.6851	2.8357	2.976	3.105	3.2219	3.3263	3.4178	3.4965	3.5625	3.616	3.6572	3.6864	3.7039	3.7097																																																																																																																																																																																	
0.8325	0.7962	0.7801	0.7883	0.8227	0.8834	0.9691	1.0778	1.2066	1.3521	1.5109	1.6796	1.8547	2.0328	2.2111	2.3866	2.5571	2.7204	2.8747	3.0185	3.1508	3.2708	3.378	3.4721	3.553	3.6209	3.6759	3.7184	3.7484	3.7664	3.7724																																																																																																																																																																																	
0.8296	0.793	0.7769	0.7855	0.8206	0.8825	0.9698	1.0804	1.2114	1.3595	1.5213	1.6931	1.8715	2.0532	2.2352	2.4145	2.5888	2.7558	2.9138	3.0612	3.1969	3.32	3.43	3.5267	3.6099	3.6796	3.7362	3.7799	3.8108	3.8293	3.8355																																																																																																																																																																																	
0.8267	0.7898	0.7737	0.7827	0.8186	0.8815	0.9704	1.0829	1.2162	1.3669	1.5316	1.7066	1.8884	2.0737	2.2593	2.4425	2.6206	2.7914	2.9531	3.1041	3.2432	3.3695	3.4824	3.5816	3.6671	3.7388	3.7969	3.8418	3.8736	3.8926	3.899																																																																																																																																																																																	
0.8238	0.7866	0.7705	0.7798	0.8165	0.8806	0.971	1.0854	1.221	1.3743	1.5419	1.72	1.9053	2.0942	2.2835	2.4705	2.6525	2.8271	2.9925	3.1471	3.2896	3.4191	3.535	3.6369	3.7246	3.7983	3.858	3.9041	3.9369	3.9564	3.9629																																																																																																																																																																																	
0.8209	0.7833	0.7673	0.777	0.8144	0.8796	0.9716	1.0879	1.2258	1.3817	1.5522	1.7335	1.9221	2.1146	2.3078	2.4986	2.6844	2.8629	3.0321	3.1904	3.3363	3.4691	3.5879	3.6924	3.7824	3.8581	3.9195	3.9668	4.0005	4.0205	4.0272																																																																																																																																																																																	
0.8179	0.7801	0.764	0.7741	0.8122	0.8787	0.9721	1.0904	1.2305	1.3891	1.5624	1.747	1.939	2.1351	2.332	2.5267	2.7164	2.8988	3.0718	3.2338	3.3832	3.5192	3.641	3.7482	3.8406	3.9182	3.9813	4.0299	4.0645	4.0851	4.0919																																																																																																																																																																																	
0.8149	0.7768	0.7607	0.7712	0.8101	0.8776	0.9727	1.0928	1.2352	1.3964	1.5727	1.7604	1.9559	2.1556	2.3563	2.5548	2.7485	2.9348	3.1117	3.2773	3.4303	3.5696	3.6944	3.8043	3.8991	3.9788	4.0435	4.0934	4.1288	4.15	4.157																																																																																																																																																																																	
0.812	0.7735	0.7574	0.7682	0.8079	0.8766	0.9731	1.0953	1.2399	1.4037	1.5829	1.7738	1.9727	2.1761	2.3806	2.583	2.7806	2.9709	3.1516	3.321	3.4776	3.6202	3.7481	3.8607	3.9579	4.0396	4.106	4.1572	4.1936	4.2153	4.2225																																																																																																																																																																																	
0.809	0.7702	0.7541	0.7653	0.8057	0.8755	0.9736	1.0976	1.2446	1.411	1.5931	1.7872	1.9896	2.1966	2.4048	2.6112	2.8128	3.007	3.1917	3.3649	3.525	3.671	3.802	3.9174	4.017	4.1008	4.1688	4.2214	4.2587	4.281	4.2884																																																																																																																																																																																	
0.806	0.7668	0.7508	0.7623	0.8034	0.8744	0.974	1.1	1.2492	1.4182	1.6033	1.8006	2.0064	2.217	2.4291	2.6394	2.845	3.0432	3.2318	3.4088	3.5726	3.722	3.8561	3.9744	4.0764	4.1623	4.232	4.2859	4.3242	4.347	4.3547																																																																																																																																																																																	
0.803	0.7635	0.7474	0.7592	0.8011	0.8733	0.9744	1.1023	1.2538	1.4254	1.6134	1.8139	2.0232	2.2375	2.4534	2.6676	2.8772	3.0795	3.272	3.4529	3.6204	3.7732	3.9105	4.0316	4.1361	4.2241	4.2956	4.3508	4.3901	4.4135	4.4213																																																																																																																																																																																	
0.7999	0.7601	0.744	0.7562	0.7988	0.8721	0.9748	1.1046	1.2584	1.4326	1.6235	1.8272	2.0399	2.2579	2.4776	2.6958	2.9094	3.1157	3.3123	3.4971	3.6683	3.8246	3.9651	4.089	4.1961	4.2862	4.3595	4.4161	4.4563	4.4803	4.4883																																																																																																																																																																																	
0.7968	0.7566	0.7405	0.7531	0.7964	0.8709	0.9751	1.1068	1.2629	1.4397	1.6335	1.8404	2.0566	2.2782	2.5018	2.724	2.9417	3.152	3.3527	3.5413	3.7163	3.8762	4.0199	4.1467	4.2564	4.3487	4.4237	4.4817	4.5228	4.5475	4.5556																																																																																																																																																																																	
0.7938	0.7532	0.737	0.7499	0.794	0.8696	0.9754	1.109	1.2673	1.4468	1.6435	1.8536	2.0732	2.2985	2.526	2.7521	2.9739	3.1884	3.3931	3.5857	3.7645	3.9279	4.0749	4.2047	4.3169	4.4114	4.4882	4.5476	4.5897	4.615	4.6233																																																																																																																																																																																	
0.7906	0.7497	0.7335	0.7467	0.7916	0.8683	0.9756	1.1111	1.2717	1.4538	1.6534	1.8667	2.0898	2.3188	2.5501	2.7802	3.0061	3.2247	3.4335	3.6301	3.8127	3.9798	4.13	4.2628	4.3777	4.4744	4.5531	4.6138	4.657	4.6828	4.6914																																																																																																																																																																																	
0.7875	0.7462	0.7299	0.7435	0.789	0.8669	0.9758	1.1132	1.2761	1.4608	1.6633	1.8798	2.1063	2.3389	2.5741	2.8083	3.0383	3.2611	3.4739	3.6747	3.8611	4.0318	4.1854	4.3212	4.4387	4.5377	4.6182	4.6804	4.7246	4.751	4.7597																																																																																																																																																																																	
0.7843	0.7426	0.7263	0.7401	0.7865	0.8655	0.9759	1.1152	1.2804	1.4677	1.6731	1.8928	2.1227	2.359	2.5981	2.8363	3.0704	3.2974	3.5144	3.7192	3.9095	4.0839	4.2409	4.3798	4.4999	4.6012	4.6836	4.7473	4.7925	4.8195	4.8285																																																																																																																																																																																	
0.7811	0.739	0.7226	0.7368	0.7838	0.864	0.9759	1.1172	1.2846	1.4745	1.6828	1.9057	2.1391	2.379	2.6219	2.8642	3.1025	3.3336	3.5549	3.7637	3.9581	4.1361	4.2966	4.4385	4.5614	4.665	4.7492	4.8144	4.8607	4.8883	4.8975																																																																																																																																																																																	
0.7778	0.7353	0.7188	0.7333	0.7811	0.8624	0.9759	1.1191	1.2888	1.4812	1.6925	1.9185	2.1553	2.399	2.6457	2.892	3.1344	3.3698	3.5953	3.8083	4.0066	4.1884	4.3523	4.4974	4.623	4.729	4.8152	4.8818	4.9291	4.9575	4.9668																																																																																																																																																																																	
0.7745	0.7315	0.7149	0.7298	0.7783	0.8607	0.9757	1.1209	1.2928	1.4879	1.702	1.9312	2.1714	2.4187	2.6694	2.9197	3.1663	3.4059	3.6356	3.8527	4.0551	4.2407	4.4082	4.5564	4.6849	4.7932	4.8813	4.9495	4.9979	5.0269	5.0365																																																																																																																																																																																	
0.7711	0.7277	0.711	0.7261	0.7753	0.8589	0.9755	1.1226	1.2968	1.4945	1.7115	1.9438	2.1875	2.4384	2.6929	2.9473	3.198	3.4419	3.6758	3.8972	4.1036	4.293	4.464	4.6156	4.7468	4.8575	4.9477	5.0174	5.0669	5.0965	5.1063																																																																																																																																																																																	
0.7677	0.7237	0.7069	0.7223	0.7723	0.857	0.9752	1.1242	1.3007	1.5009	1.7208	1.9563	2.2034	2.458	2.7163	2.9747	3.2296	3.4777	3.7159	3.9415	4.152	4.3453	4.5199	4.6747	4.8088	4.922	5.0141	5.0854	5.1361	5.1663	5.1764																																																																																																																																																																																	
0.7641	0.7197	0.7028	0.7184	0.7691	0.855	0.9747	1.1257	1.3045	1.5073	1.7301	1.9687	2.2191	2.4773	2.7395	3.0019	3.261	3.5133	3.7558	3.9856	4.2002	4.3975	4.5757	4.7338	4.8708	4.9865	5.0807	5.1536	5.2054	5.2363	5.2466																																																																																																																																																																																	
0.7605	0.7155	0.6984	0.7143	0.7657	0.8528	0.9741	1.127	1.3081	1.5135	1.7392	1.9809	2.2347	2.4965	2.7625	3.0288	3.2921	3.5487	3.7955	4.0295	4.2483	4.4495	4.6314	4.7928	4.9328	5.051	5.1473	5.2218	5.2747	5.3063	5.3169																																																																																																																																																																																	
0.7568	0.7112	0.6939	0.7101	0.7622	0.8504	0.9733	1.1282	1.3116	1.5196	1.7481	1.993	2.2501	2.5155	2.7852	3.0555	3.3229	3.5837	3.8348	4.0731	4.2959	4.5011	4.6867	4.8515	4.9945	5.1153	5.2137	5.2898	5.344	5.3763	5.3871																																																																																																																																																																																	
0.7529	0.7066	0.6891	0.7055	0.7583	0.8477	0.9723	1.1292	1.3149	1.5256	1.7569	2.0049	2.2653	2.5342	2.8077	3.0819	3.3533	3.6183	3.8736	4.1161	4.3431	4.5523	4.7416	4.9098	5.0558	5.1792	5.2798	5.3577	5.413	5.4461	5.4571																																																																																																																																																																																	
0.7488	0.7018	0.684	0.7006	0.7542	0.8448	0.971	1.1299	1.318	1.5313	1.7656	2.0166	2.2803	2.5527	2.8298	3.1078	3.3832	3.6523	3.9118	4.1585	4.3896	4.6027	4.7958	4.9673	5.1165	5.2425	5.3453	5.4249	5.4814	5.5153	5.5265																																																																																																																																																																																	
0.7444	0.6967	0.6786	0.6953	0.7496	0.8415	0.9694	1.1304	1.3209	1.5369	1.7741	2.0282	2.2951	2.5708	2.8515	3.1332	3.4124	3.6855	3.949	4.1998	4.435	4.652	4.8488	5.0238	5.1761	5.3048	5.4098	5.4911	5.549	5.5836	5.5951																																																																																																																																																																																	
0.7397	0.6911	0.6725	0.6895	0.7445	0.8376	0.9673	1.1305	1.3236	1.5423	1.7824	2.0396	2.3096	2.5886	2.8726	3.1579	3.4408	3.7176	3.9851	4.2398	4.4788	4.6997	4.9001	5.0786	5.2339	5.3653	5.4726	5.5557	5.6149	5.6503	5.6621																																																																																																																																																																																	
0.7346	0.6849	0.6658	0.6828	0.7386	0.8331	0.9647	1.1303	1.326	1.5475	1.7906	2.0508	2.3239	2.606	2.8932	3.1817	3.4679	3.7483	4.0192	4.2776	4.5203	4.7448	4.9488	5.1305	5.2889	5.423	5.5326	5.6176	5.6781	5.7143	5.7264																																																																																																																																																																																	
0.7287	0.6778	0.658	0.6751	0.7316	0.8277	0.9614	1.1295	1.3281	1.5526	1.7987	2.0619	2.338	2.623	2.9129	3.2043	3.4933	3.7766	4.0506	4.312	4.558	4.7857	4.993	5.1778	5.3391	5.4759	5.5878	5.6747	5.7365	5.7736	5.786																																																																																																																																																																																	
0.7218	0.6692	0.6485	0.6656	0.7231	0.8209	0.9571	1.1282	1.33	1.5579	1.8072	2.0734	2.3521	2.6395	2.9316	3.225	3.5159	3.8011	4.0772	4.3409	4.5892	4.8195	5.0294	5.217	5.3809	5.5201	5.6342	5.7229	5.7862	5.8241	5.8367																																																																																																																																																																																	
0.7128	0.6581	0.6363	0.6534	0.7121	0.8122	0.9516	1.1264	1.3322	1.564	1.8168	2.086	2.3671	2.656	2.9491	3.2429	3.5341	3.8193	4.0955	4.3595	4.6085	4.8398	5.051	5.2402	5.406	5.5472	5.6632	5.7535	5.818	5.8567	5.8696																																																																																																																																																																																	
0.7002	0.6424	0.619	0.6363	0.697	0.8008	0.945	1.1253	1.3368	1.5737	1.8308	2.1029	2.3854	2.6741	2.9656	3.2566	3.544	3.825	4.0968	4.3568	4.6023	4.8308	5.0401	5.2284	5.3939	5.5354	5.652	5.7432	5.8085	5.8477	5.8608																																																																																																																																																																																	
0.6786	0.6162	0.591	0.6099	0.6755	0.787	0.9409	1.1318	1.3535	1.5992	1.8625	2.1374	2.4189	2.7026	2.9852	3.264	3.5367	3.8013	4.0559	4.2989	4.5284	4.7426	4.9397	5.118	5.2758	5.4117	5.5245	5.6132	5.6771	5.7156	5.7285																																																																																																																																																																																	
0.6599	0.5944	0.569	0.591	0.6628	0.783	0.9472	1.1489	1.3807	1.6346	1.903	2.1792	2.4575	2.7336	3.0041	3.2668	3.5202	3.7632	3.9951	4.2152	4.4225	4.6161	4.7948	4.9571	5.1017	5.227	5.3316	5.4145	5.4744	5.5106	5.5227																																																																																																																																																																																	
0.6285	0.5605	0.5383	0.5696	0.6562	0.7955	0.9814	1.2051	1.4569	1.7263	2.0038	2.281	2.5511	2.8092	3.0525	3.2794	3.4898	3.6847	3.8652	4.0325	4.188	4.3324	4.4657	4.5877	4.6976	4.7941	4.8757	4.9412	4.989	5.0181	5.0279																																																																																																																																																																																	
0.6044	0.5369	0.5207	0.5632	0.6657	0.8244	1.0314	1.276	1.5463	1.8298	2.1152	2.3925	2.654	2.8945	3.1111	3.303	3.4715	3.6188	3.748	3.8624	3.9651	4.0583	4.1439	4.2226	4.2942	4.3583	4.4135	4.4585	4.4918	4.5123	4.5193																																																																																																																																																																																	
0.5725	0.5108	0.5088	0.5738	0.7055	0.8982	1.141	1.4204	1.7209	2.0271	2.3247	2.6016	2.8485	3.0593	3.2314	3.365	3.4631	3.5303	3.5725	3.5959	3.6067	3.6102	3.6104	3.6104	3.6117	3.6151	3.62	3.6256	3.6307	3.6343	3.6355																																																																																																																																																																																	
0.5396	0.4977	0.5288	0.6385	0.8239	1.0754	1.3782	1.7138	2.0623	2.4038	2.7199	2.9952	3.2182	3.3816	3.4827	3.523	3.5076	3.4444	3.3433	3.2149	3.07	2.9185	2.7688	2.6281	2.5013	2.3919	2.3019	2.232	2.1823	2.1528	2.143																																																																																																																																																																																	
0.5332	0.5066	0.5592	0.6952	0.9101	1.1926	1.5256	1.8888	2.2602	2.6182	2.9426	3.2169	3.4284	3.5693	3.6367	3.6324	3.5623	3.4356	3.2638	3.0593	2.8351	2.6033	2.3748	2.1586	1.9619	1.7902	1.6468	1.534	1.453	1.4043	1.3881																																																																																																																																																																																	
0.5458	0.5509	0.6427	0.8224	1.0829	1.41	1.7844	2.1836	2.5839	2.9618	3.2961	3.5686	3.7657	3.8789	3.9048	3.845	3.706	3.4976	3.2327	2.9258	2.5923	2.247	1.904	1.5759	1.2734	1.0051	0.7778	0.5966	0.4649	0.385	0.3583																																																																																																																																																																																	
0.5581	0.5752	0.68	0.8727	1.1455	1.4834	1.8668	2.2732	2.6786	3.0598	3.3953	3.6673	3.862	3.9706	3.9896	3.9205	3.7691	3.5454	3.262	2.9337	2.5759	2.2043	1.8336	1.4772	1.147	0.8526	0.602	0.4014	0.2553	0.1664	0.1366																																																																																																																																																																																	
0.5748	0.6035	0.72	0.9235	1.2054	1.5504	1.9388	2.3483	2.7554	3.1371	3.4726	3.7442	3.9382	4.0459	4.0634	3.9918	3.8365	3.6069	3.3153	2.9762	2.6048	2.2172	1.8283	1.4524	1.1021	0.7883	0.52	0.3042	0.1465	0.0503	0.0181																																																																																																																																																																																	
0.5951	0.6344	0.7606	0.9718	1.2588	1.6064	1.9951	2.4032	2.808	3.1875	3.5215	3.7928	3.9882	4.0989	4.1209	4.0545	3.9047	3.6799	3.3917	3.0538	2.6814	2.2897	1.8943	1.5096	1.149	0.8242	0.5449	0.3196	0.1542	0.0532	0.0192																																																																																																																																																																																	
0.618	0.6663	0.7994	1.0147	1.3025	1.6478	2.032	2.4342	2.8329	3.2072	3.5382	3.8094	4.0082	4.126	4.1582	4.1048	3.9697	3.7605	3.4875	3.1634	2.8025	2.4198	2.0301	1.6483	1.2879	0.9612	0.679	0.45	0.2815	0.1784	0.1437																																																																																																																																																																																	
0.6421	0.6973	0.8343	1.0498	1.3341	1.6727	2.0479	2.4401	2.8292	3.196	3.5227	3.7941	3.9981	4.1262	4.1738	4.1402	4.0282	3.844	3.5969	3.298	2.9605	2.5984	2.2262	1.8583	1.5083	1.1889	0.9114	0.6853	0.5182	0.4157	0.3811																																																																																																																																																																																	
0.7411	0.7998	0.9201	1.0983	1.3267	1.5953	1.8929	2.2077	2.5281	2.843	3.142	3.416	3.6568	3.8576	4.013	4.1194	4.1745	4.1782	4.132	4.0397	3.9067	3.7403	3.5495	3.3445	3.1361	2.9357	2.7541	2.6012	2.4855	2.4134	2.3889																																																																																																																																																																																	
0.7803	0.8194	0.9054	1.0361	1.2068	1.4114	1.6435	1.8967	2.1645	2.4411	2.7207	2.9977	3.2669	3.5226	3.7597	3.9728	4.1571	4.3087	4.4246	4.5034	4.545	4.5517	4.5276	4.4783	4.4111	4.3343	4.2564	4.1857	4.1294	4.0932	4.0807																																																																																																																																																																																	
0.7881	0.8086	0.8687	0.9674	1.1021	1.269	1.4643	1.6838	1.9238	2.1806	2.4506	2.7301	3.0147	3.2999	3.5805	3.8508	4.1051	4.3376	4.5434	4.7185	4.8603	4.9682	5.0431	5.0884	5.1084	5.1094	5.0979	5.0804	5.063	5.0504	5.046																																																																																																																																																																																	
0.7691	0.7547	0.7724	0.8245	0.9113	1.0319	1.1848	1.3681	1.5798	1.818	2.0807	2.3652	2.6687	2.9873	3.3165	3.6507	3.9838	4.3091	4.62	4.9105	5.1751	5.41	5.6128	5.7827	5.9204	6.0284	6.1097	6.1678	6.2063	6.2282	6.2352																																																																																																																																																																																	
0.7526	0.7264	0.7318	0.7721	0.8485	0.9605	1.1069	1.2857	1.4951	1.7329	1.9969	2.2848	2.5937	2.9199	3.259	3.606	3.9549	4.2991	4.6321	4.9475	5.2397	5.5039	5.737	5.9373	6.1046	6.2399	6.3453	6.4233	6.4767	6.5077	6.5178																																																																																																																																																																																	
0.7415	0.7095	0.7095	0.7452	0.818	0.9277	1.073	1.2518	1.4621	1.7016	1.968	2.2589	2.5713	2.9018	3.2463	3.5996	3.956	4.3093	4.6527	4.9798	5.2848	5.5627	5.81	6.0244	6.2054	6.3533	6.4697	6.557	6.6172	6.6524	6.664																																																																																																																																																																																	
0.7332	0.6978	0.6947	0.7282	0.7996	0.9089	1.0544	1.2343	1.4462	1.6878	1.9567	2.2503	2.5659	2.9001	3.2488	3.6072	3.9695	4.3295	4.6805	5.016	5.33	5.6174	5.8742	6.098	6.2877	6.4437	6.5671	6.6601	6.7245	6.7623	6.7747																																																																																																																																																																																	
0.7263	0.6886	0.6837	0.716	0.7869	0.8964	1.0428	1.2241	1.4378	1.6814	1.9527	2.249	2.5676	2.9053	3.2581	3.6212	3.989	4.3552	4.713	5.0559	5.3776	5.6728	5.9374	6.1687	6.3654	6.5275	6.6563	6.7533	6.8209	6.8605	6.8736																																																																																																																																																																																	
0.7204	0.681	0.6748	0.7064	0.7774	0.8874	1.0349	1.2176	1.4331	1.6788	1.9523	2.2512	2.5729	2.9141	3.271	3.6388	4.0119	4.3841	4.7486	5.0985	5.4275	5.73	6.0016	6.2395	6.4422	6.6096	6.7428	6.8434	6.9134	6.9546	6.9682																																																																																																																																																																																	
0.7149	0.6742	0.6672	0.6985	0.7697	0.8804	1.0291	1.2133	1.4305	1.6782	1.954	2.2554	2.58	2.9247	3.2857	3.6583	4.0369	4.4152	4.7863	5.1432	5.4793	5.7888	6.0672	6.3113	6.5196	6.6919	6.829	6.9327	7.0049	7.0475	7.0615																																																																																																																																																																																	
0.7099	0.6681	0.6605	0.6916	0.7632	0.8748	1.0246	1.2103	1.4292	1.6788	1.9567	2.2607	2.5882	2.9364	3.3015	3.679	4.0632	4.4478	4.8256	5.1895	5.5327	5.8492	6.1342	6.3844	6.5981	6.775	6.9158	7.0224	7.0966	7.1403	7.1547																																																																																																																																																																																	
0.7051	0.6624	0.6543	0.6855	0.7576	0.87	1.0211	1.2082	1.4287	1.6801	1.9602	2.2666	2.597	2.9487	3.318	3.7005	4.0904	4.4813	4.866	5.2371	5.5876	5.9111	6.2028	6.459	6.678	6.8592	7.0037	7.113	7.1891	7.2339	7.2487																																																																																																																																																																																	
0.7005	0.657	0.6486	0.6799	0.7525	0.8659	1.0182	1.2067	1.4288	1.682	1.964	2.2728	2.6061	2.9613	3.3349	3.7224	4.1183	4.5157	4.9074	5.2859	5.6437	5.9745	6.2728	6.5351	6.7592	6.9449	7.0928	7.2047	7.2827	7.3286	7.3438																																																																																																																																																																																	
0.696	0.6518	0.6431	0.6746	0.7479	0.8623	1.0157	1.2056	1.4292	1.684	1.968	2.2791	2.6153	2.974	3.352	3.7447	4.1465	4.5507	4.9497	5.3357	5.7011	6.0391	6.3443	6.6126	6.8421	7.0321	7.1835	7.298	7.3777	7.4246	7.4401																																																																																																																																																																																	
0.6916	0.6467	0.6379	0.6697	0.7436	0.8589	1.0135	1.2047	1.4298	1.6863	1.9721	2.2854	2.6244	2.9867	3.3691	3.7671	4.175	4.5861	4.9926	5.3864	5.7596	6.1051	6.4172	6.6918	6.9266	7.1209	7.2758	7.3928	7.4743	7.5222	7.5381																																																																																																																																																																																	
0.6872	0.6418	0.6328	0.665	0.7396	0.8559	1.0116	1.2041	1.4305	1.6885	1.9761	2.2917	2.6335	2.9993	3.3861	3.7895	4.2038	4.622	5.0362	5.438	5.8192	6.1724	6.4916	6.7725	7.0127	7.2115	7.3698	7.4894	7.5727	7.6216	7.6377																																																																																																																																																																																	
0.6828	0.6369	0.6279	0.6604	0.7357	0.853	1.0099	1.2036	1.4314	1.6908	1.9801	2.2977	2.6423	3.0117	3.4031	3.812	4.2328	4.6583	5.0804	5.4904	5.8799	6.241	6.5675	6.8549	7.1006	7.3038	7.4656	7.5878	7.6727	7.7227	7.7391																																																																																																																																																																																	
0.6785	0.6321	0.6231	0.656	0.7321	0.8503	1.0083	1.2032	1.4322	1.693	1.9839	2.3036	2.6509	3.0239	3.4198	3.8344	4.2618	4.6949	5.1252	5.5437	5.9417	6.311	6.645	6.939	7.1902	7.3981	7.5634	7.6881	7.7748	7.8257	7.8424																																																																																																																																																																																	
0.6742	0.6274	0.6183	0.6517	0.7285	0.8478	1.0069	1.2029	1.433	1.6951	1.9875	2.3092	2.6592	3.0358	3.4363	3.8566	4.291	4.7318	5.1706	5.5979	6.0047	6.3823	6.724	7.0249	7.2819	7.4944	7.6632	7.7905	7.8788	7.9308	7.9478																																																																																																																																																																																	
0.6698	0.6226	0.6136	0.6474	0.7251	0.8453	1.0055	1.2026	1.4337	1.697	1.9908	2.3145	2.6671	3.0473	3.4525	3.8788	4.3202	4.7691	5.2166	5.653	6.0688	6.4552	6.8048	7.1126	7.3754	7.5927	7.7651	7.895	7.9851	8.0379	8.0553																																																																																																																																																																																	
0.6654	0.6178	0.609	0.6433	0.7217	0.8429	1.0041	1.2022	1.4344	1.6987	1.9939	2.3195	2.6747	3.0585	3.4685	3.9008	4.3494	4.8066	5.2631	5.709	6.1342	6.5295	6.8874	7.2023	7.4712	7.6932	7.8693	8.0018	8.0936	8.1474	8.1651																																																																																																																																																																																	
0.6611	0.6131	0.6043	0.6392	0.7185	0.8406	1.0028	1.2019	1.435	1.7003	1.9968	2.324	2.6818	3.0693	3.4842	3.9227	4.3788	4.8445	5.3104	5.7659	6.2008	6.6053	6.9716	7.294	7.569	7.7959	7.9757	8.1109	8.2044	8.2592	8.2772																																																																																																																																																																																	
0.6566	0.6083	0.5997	0.6351	0.7152	0.8384	1.0015	1.2015	1.4354	1.7016	1.9992	2.3282	2.6885	3.0796	3.4995	3.9443	4.4081	4.8827	5.3582	5.8239	6.2688	6.6829	7.0579	7.3878	7.6692	7.9011	8.0846	8.2225	8.3177	8.3735	8.3917																																																																																																																																																																																	
0.6522	0.6036	0.5951	0.6311	0.7121	0.8362	1.0003	1.201	1.4357	1.7027	2.0014	2.3319	2.6948	3.0895	3.5145	3.9659	4.4376	4.9213	5.4068	5.883	6.3382	6.7623	7.1462	7.4839	7.7717	8.0087	8.1961	8.3366	8.4336	8.4903	8.5089																																																																																																																																																																																	
0.6476	0.5988	0.5905	0.6271	0.709	0.834	0.999	1.2005	1.4358	1.7035	2.0031	2.3352	2.7005	3.0989	3.5291	3.9872	4.4671	4.9603	5.4562	5.9431	6.4092	6.8434	7.2367	7.5824	7.8768	8.119	8.3103	8.4533	8.5521	8.6097	8.6287																																																																																																																																																																																	
0.6431	0.5939	0.586	0.6232	0.7059	0.8319	0.9977	1.1999	1.4358	1.7039	2.0044	2.338	2.7057	3.1079	3.5433	4.0084	4.4967	4.9998	5.5064	6.0045	6.4818	6.9265	7.3294	7.6834	7.9846	8.2319	8.427	8.5729	8.6733	8.7319	8.7511																																																																																																																																																																																	
0.6384	0.5891	0.5814	0.6193	0.7029	0.8298	0.9964	1.1992	1.4355	1.7041	2.0053	2.3402	2.7104	3.1163	3.5572	4.0293	4.5266	5.0397	5.5576	6.0673	6.556	7.0118	7.4244	7.7869	8.0949	8.3477	8.5467	8.6953	8.7974	8.8568	8.8763																																																																																																																																																																																	
0.6337	0.5842	0.5768	0.6154	0.6999	0.8278	0.9951	1.1984	1.435	1.7039	2.0057	2.3419	2.7144	3.1243	3.5706	4.0502	4.5565	5.0803	5.6098	6.1316	6.6322	7.0992	7.522	7.8931	8.2082	8.4664	8.6693	8.8204	8.9242	8.9846	9.0043																																																																																																																																																																																	
0.629	0.5792	0.5722	0.6116	0.697	0.8257	0.9937	1.1974	1.4342	1.7033	2.0056	2.343	2.7179	3.1317	3.5838	4.071	4.5868	5.1216	5.663	6.1973	6.7103	7.1889	7.622	8.002	8.3242	8.5879	8.7947	8.9485	9.0538	9.115	9.1351																																																																																																																																																																																	
0.6241	0.5743	0.5676	0.6077	0.6941	0.8237	0.9923	1.1963	1.4331	1.7023	2.0049	2.3435	2.7208	3.1385	3.5965	4.0917	4.6174	5.1636	5.7175	6.2648	6.7905	7.2811	7.7249	8.1138	8.4434	8.7124	8.9231	9.0794	9.1863	9.2482	9.2686																																																																																																																																																																																	
0.6192	0.5692	0.563	0.6039	0.6913	0.8217	0.9909	1.195	1.4318	1.7008	2.0037	2.3433	2.723	3.1448	3.6091	4.1125	4.6484	5.2064	5.7734	6.3341	6.873	7.3758	7.8306	8.2287	8.5654	8.8398	9.0542	9.2129	9.3212	9.3839	9.4043																																																																																																																																																																																	
0.6142	0.5642	0.5584	0.6002	0.6885	0.8197	0.9893	1.1936	1.4301	1.6988	2.0018	2.3425	2.7245	3.1507	3.6213	4.1334	4.68	5.2505	5.8309	6.4055	6.958	7.4734	7.9392	8.3464	8.6903	8.9701	9.188	9.3489	9.4584	9.5217	9.5423																																																																																																																																																																																	
0.6091	0.559	0.5538	0.5964	0.6857	0.8177	0.9877	1.1918	1.428	1.6963	1.9993	2.3409	2.7255	3.1561	3.6335	4.1546	4.7125	5.2958	5.8903	6.4792	7.0456	7.5737	8.0506	8.467	8.8179	9.1026	9.3239	9.4867	9.5972	9.6609	9.6817																																																																																																																																																																																	
0.6039	0.5538	0.5492	0.5927	0.6829	0.8156	0.9859	1.1898	1.4254	1.6931	1.996	2.3386	2.7258	3.1612	3.6456	4.1764	4.746	5.3429	5.9518	6.5555	7.1361	7.6771	8.165	8.5902	8.9478	9.237	9.4611	9.6255	9.7367	9.8005	9.8214																																																																																																																																																																																	
0.5986	0.5486	0.5446	0.5891	0.6802	0.8136	0.984	1.1875	1.4223	1.6892	1.992	2.3356	2.7255	3.166	3.6582	4.1991	4.7811	5.3921	6.016	6.6348	7.2296	7.7835	8.2821	8.7157	9.0792	9.3723	9.5985	9.7638	9.8751	9.9389	9.9597																																																																																																																																																																																	
0.5932	0.5433	0.54	0.5855	0.6776	0.8114	0.9818	1.1847	1.4184	1.6845	1.987	2.3317	2.7249	3.1709	3.6714	4.2233	4.8185	5.4442	6.0837	6.7177	7.3266	7.8927	8.4014	8.8423	9.2108	9.5065	9.7337	9.8989	10.0096	10.0729	10.0934																																																																																																																																																																																	
0.5876	0.5379	0.5354	0.582	0.675	0.8092	0.9793	1.1812	1.4136	1.6786	1.9809	2.3271	2.7239	3.1764	3.6862	4.2501	4.8594	5.5006	6.1558	6.805	7.4276	8.0048	8.5219	8.9684	9.3397	9.6363	9.8626	10.0261	10.1351	10.197	10.217																																																																																																																																																																																	
0.5819	0.5326	0.531	0.5786	0.6724	0.8067	0.9761	1.1766	1.4075	1.6712	1.9735	2.3217	2.7232	3.1834	3.7041	4.2814	4.9062	5.5636	6.2347	6.8983	7.5328	8.119	8.6415	9.0903	9.461	9.7547	9.977	10.1361	10.2412	10.3004	10.3196																																																																																																																																																																																	
0.5758	0.5271	0.5267	0.5755	0.6698	0.8038	0.9719	1.1704	1.399	1.6614	1.9642	2.3156	2.7237	3.1941	3.7283	4.3216	4.9636	5.6381	6.3247	7.0006	7.6436	8.2337	8.7557	9.1999	9.5629	9.8469	10.0589	10.2085	10.3059	10.3602	10.3775																																																																																																																																																																																	
0.5694	0.5217	0.5228	0.5727	0.6671	0.7998	0.9652	1.1603	1.386	1.6471	1.9517	2.3092	2.7282	3.2142	3.7675	4.3818	5.0446	5.7372	6.4372	7.12	7.7625	8.3446	8.8517	9.2757	9.615	9.8742	10.0622	10.1907	10.2717	10.3158	10.3296																																																																																																																																																																																	
0.5659	0.5191	0.5211	0.5716	0.6656	0.7969	0.9598	1.1522	1.3757	1.6364	1.9432	2.3063	2.7345	3.2328	3.8002	4.4292	5.1051	5.8074	6.5118	7.193	7.8273	8.395	8.8824	9.2828	9.5966	9.8303	9.9947	10.103	10.1687	10.203	10.2136																																																																																																																																																																																	
0.564	0.5178	0.5205	0.5712	0.6648	0.7949	0.9561	1.1466	1.3688	1.6293	1.938	2.3052	2.7398	3.2465	3.8234	4.4617	5.1453	5.8527	6.5583	7.2361	7.8623	8.4174	8.8888	9.2707	9.565	9.7795	9.9261	10.0196	10.0741	10.1013	10.1096																																																																																																																																																																																	
0.562	0.5166	0.52	0.571	0.664	0.7924	0.9513	1.1393	1.3598	1.6204	1.9316	2.3044	2.7476	3.2652	3.8541	4.504	5.1969	5.9095	6.615	7.2865	7.9001	8.4369	8.8853	9.2413	9.5085	9.6965	9.8191	9.8924	9.9316	9.9495	9.9544																																																																																																																																																																																	
0.5598	0.5155	0.5199	0.571	0.6629	0.789	0.9446	1.1293	1.3476	1.6085	1.9236	2.3044	2.7596	3.2921	3.8972	4.5622	5.2667	5.9849	6.6883	7.3489	7.9428	8.4519	8.8665	9.1847	9.4127	9.5629	9.6514	9.696	9.7137	9.7183	9.7187																																																																																																																																																																																	
0.5572	0.5146	0.5203	0.5715	0.6616	0.784	0.9347	1.1145	1.3299	1.5916	1.9128	2.3059	2.779	3.3336	3.9623	4.6488	5.369	6.0935	6.7913	7.4331	7.9948	8.4601	8.8218	9.0818	9.25	9.3426	9.3793	9.3807	9.3661	9.3507	9.3444																																																																																																																																																																																	
0.554	0.5141	0.5219	0.5729	0.6598	0.7758	0.9182	1.0902	1.3011	1.5648	1.8969	2.3109	2.8142	3.4054	4.0725	4.7934	5.5376	6.2701	6.9557	7.563	8.0684	8.4583	8.73	8.8915	8.9592	8.9556	8.9062	8.8362	8.7682	8.7199	8.7026																																																																																																																																																																																	
0.5516	0.5144	0.524	0.5747	0.6581	0.7676	0.9017	1.066	1.2728	1.539	1.8827	2.3182	2.852	3.4799	4.1851	4.9397	5.7069	6.4463	7.1185	7.6902	8.1384	8.4522	8.6339	8.6972	8.6652	8.5664	8.432	8.2915	8.1711	8.0905	8.0622																																																																																																																																																																																	
0.5496	0.5151	0.5265	0.5767	0.6564	0.7593	0.8851	1.0419	1.2448	1.514	1.8697	2.3271	2.8918	3.5567	4.3001	5.0883	5.8783	6.6244	7.283	7.8193	8.2105	8.449	8.5417	8.5082	8.3779	8.1857	7.9679	7.7585	7.5868	7.4746	7.4356																																																																																																																																																																																	
0.5473	0.5167	0.5307	0.5798	0.6539	0.7467	0.8601	1.0058	1.2035	1.4778	1.8522	2.3432	2.955	3.6757	4.4768	5.3156	6.1402	6.8967	7.5358	8.02	8.3277	8.4557	8.4178	8.2426	7.9688	7.6402	7.301	6.9914	6.7451	6.5873	6.5329																																																																																																																																																																																	
0.5431	0.5244	0.545	0.5899	0.6456	0.7076	0.7844	0.8987	1.0837	1.377	1.812	2.4083	3.1649	4.0565	5.0333	6.0272	6.9599	7.7543	8.3451	8.688	8.7651	8.586	8.1852	7.6166	6.9453	6.2401	5.5667	4.9819	4.5318	4.2486	4.1521																																																																																																																																																																																	
0.5422	0.5312	0.5557	0.5967	0.6395	0.6808	0.7339	0.8287	1.0077	1.3166	1.7949	2.4638	3.319	4.3258	5.4213	6.5206	7.5292	8.3555	8.9245	9.1882	9.1309	8.7711	8.1561	7.3553	6.4498	5.5236	4.6548	3.9098	3.3413	2.9858	2.8649																																																																																																																																																																																	
0.5439	0.5451	0.5746	0.6081	0.6284	0.6355	0.6508	0.7166	0.8894	1.2286	1.7825	2.5747	3.5946	4.793	6.0854	7.3617	8.5018	9.3925	9.9445	10.1043	9.8611	9.2464	8.3277	7.1975	5.9611	4.7236	3.5809	2.6127	1.8799	1.4242	1.2697																																																																																																																																																																																	
0.5566	0.5793	0.6146	0.6292	0.6042	0.5471	0.4958	0.5163	0.6908	1.1015	1.8114	2.8463	4.1831	5.7462	7.4138	9.0332	10.4428	11.4951	12.0792	12.1356	11.6629	10.7158	9.3936	7.8254	6.1515	4.5078	3.013	1.762	0.8242	0.2448	0.0492																																																																																																																																																																																	
0.6335	0.6931	0.7206	0.6717	0.535	0.3441	0.1788	0.1545	0.4018	1.0397	2.1485	3.7477	5.7842	8.1327	10.6108	13.0039	15.0967	16.7053	17.7032	18.0374	17.7311	16.8751	15.6084	14.0946	12.4977	10.9621	9.6009	8.4915	7.6794	7.1869	7.0221																																																																																																																																																																																	
0.9455	0.9338	0.8264	0.6398	0.4355	0.3086	0.3676	0.7112	1.4077	2.4828	3.9181	5.6611	7.6434	9.8031	12.104	14.5482	17.1782	20.0675	23.3033	26.9628	31.0901	35.6768	40.6507	45.8729	51.1467	56.2323	60.8687	64.7979	67.7899	69.6626	70.3																																																																																																																																																																																	
0.7909	0.6614	0.5494	0.5136	0.6095	0.8703	1.2935	1.8348	2.4157	2.9402	3.3216	3.5111	3.5221	3.4437	3.4393	3.7277	4.5518	6.1392	8.662	12.2052	16.7478	22.16	28.2169	34.6226	41.0428	47.137	52.5866	57.1168	60.5091	62.6067	63.3163																																																																																																																																																																																	
0.6682	0.556	0.4918	0.5159	0.6571	0.9224	1.2911	1.715	2.1273	2.4569	2.6475	2.6763	2.568	2.3998	2.297	2.4163	2.9229	3.9629	5.6384	7.9883	10.9794	14.5087	18.4161	22.5022	26.552	30.3548	33.7217	36.4963	38.5594	39.8288	40.2571																																																																																																																																																																																	
0.5913	0.5114	0.4873	0.537	0.6688	0.8777	1.1452	1.4423	1.7344	1.9898	2.1877	2.3263	2.4266	2.5332	2.7088	3.0262	3.5554	4.3525	5.4488	6.844	8.5052	10.3699	12.3541	14.3622	16.2976	18.0718	19.6106	20.8573	21.7717	22.3293	22.5166																																																																																																																																																																																	
0.5749	0.5057	0.4917	0.5447	0.6676	0.8541	1.0886	1.3498	1.6145	1.8633	2.086	2.2857	2.4811	2.7053	3.0015	3.4166	3.9932	4.7613	5.7327	6.8973	8.2234	9.6611	11.1484	12.6188	14.0079	15.2595	16.3294	17.1854	17.8076	18.1843	18.3104																																																																																																																																																																																	
0.5697	0.5042	0.4935	0.5472	0.6668	0.8451	1.0681	1.3172	1.5732	1.821	2.0539	2.2769	2.5076	2.7752	3.1161	3.5685	4.1653	4.9281	5.862	6.9537	8.1718	9.4707	10.7961	12.0908	13.3013	14.3823	15.299	16.0277	16.5545	16.8723	16.9785																																																																																																																																																																																	
0.5582	0.5004	0.4966	0.5517	0.6639	0.8254	1.0247	1.2491	1.4878	1.7347	1.9905	2.2637	2.5703	2.9313	3.3698	3.9061	4.5543	5.3182	6.1896	7.1483	8.1638	9.1989	10.2136	11.1698	12.0353	12.7856	13.4053	13.8867	14.2285	14.432	14.4994																																																																																																																																																																																	
0.5525	0.4975	0.4962	0.5522	0.6621	0.818	1.0092	1.2249	1.4574	1.7035	1.9669	2.2575	2.5909	2.9861	3.4614	4.0318	4.7046	5.4779	6.3385	7.2638	8.2229	9.181	10.1023	10.9551	11.7137	12.3606	12.8867	13.2898	13.5725	13.7395	13.7947																																																																																																																																																																																	
0.5481	0.4946	0.4949	0.5517	0.6608	0.814	1.001	1.212	1.4407	1.6857	1.9522	2.2513	2.5986	3.0121	3.5084	4.0995	4.7897	5.5737	6.4359	7.3519	8.2905	9.2172	10.0987	10.9056	11.6156	12.2147	12.6967	13.0627	13.3172	13.4667	13.5159																																																																																																																																																																																	
0.5442	0.4917	0.4932	0.5507	0.6597	0.8115	0.9958	1.2037	1.4295	1.6732	1.9409	2.2447	2.6005	3.0261	3.5368	4.1434	4.848	5.6433	6.5121	7.4286	8.3608	9.2747	10.1376	10.9215	11.6061	12.1793	12.6371	12.9821	13.2206	13.36	13.4057																																																																																																																																																																																	
0.5405	0.4887	0.4913	0.5496	0.6587	0.8096	0.9921	1.1975	1.4209	1.6631	1.9311	2.2377	2.5993	3.0336	3.5558	4.1751	4.8927	5.6998	6.5779	7.4997	8.433	9.3433	10.1983	10.9709	11.6417	12.2	12.6433	12.9755	13.2039	13.3369	13.3804																																																																																																																																																																																	
0.5369	0.4858	0.4893	0.5484	0.6578	0.8082	0.9893	1.1927	1.4138	1.6543	1.922	2.2302	2.5962	3.0375	3.5691	4.1997	4.9297	5.749	6.6379	7.5682	8.5069	9.4191	10.2723	11.0401	11.7038	12.2537	12.6882	13.012	13.2338	13.3626	13.4045																																																																																																																																																																																	
0.5298	0.4797	0.485	0.5459	0.6562	0.8062	0.9852	1.185	1.4019	1.6387	1.9045	2.2141	2.5859	3.0382	3.586	4.2373	4.9912	5.8359	6.7497	7.7027	8.6598	9.5851	10.446	11.2158	11.8765	12.4199	12.846	13.1611	13.3755	13.499	13.5394																																																																																																																																																																																	
0.5227	0.4736	0.4807	0.5434	0.6549	0.8048	0.9821	1.1787	1.3914	1.624	1.8869	2.1965	2.5722	3.0334	3.5955	4.2664	5.0442	5.9158	6.8578	7.838	8.82	9.7662	10.643	11.4236	12.0901	12.635	13.0596	13.3717	13.5826	13.7036	13.7429																																																																																																																																																																																	
0.5156	0.4675	0.4763	0.541	0.6539	0.8039	0.9797	1.1731	1.3815	1.6094	1.8688	2.1772	2.5558	3.0249	3.6006	4.2909	5.0934	5.9934	6.9659	7.9771	8.9882	9.9604	10.8584	11.6547	12.332	12.883	13.3099	13.6219	13.8317	13.9516	13.9904																																																																																																																																																																																	
0.5083	0.4612	0.4719	0.5387	0.6531	0.8033	0.9777	1.1678	1.3715	1.5945	1.8496	2.1564	2.5371	3.0137	3.603	4.3131	5.141	6.0712	7.0766	8.1216	9.1653	10.1669	11.0897	11.9058	12.5971	13.1569	13.5886	13.9024	14.1122	14.2316	14.2702																																																																																																																																																																																	
0.5009	0.4549	0.4676	0.5366	0.6526	0.8032	0.9759	1.1626	1.3615	1.5789	1.8294	2.1339	2.5165	3.0004	3.6034	4.3339	5.1885	6.1506	7.1913	8.2727	9.3519	10.386	11.3368	12.1751	12.8828	13.4536	13.8916	14.2083	14.419	14.5385	14.577																																																																																																																																																																																	
0.4934	0.4486	0.4633	0.5347	0.6525	0.8033	0.9745	1.1575	1.3511	1.5626	1.8079	2.1097	2.4939	2.9851	3.6022	4.3542	5.237	6.2327	7.311	8.4314	9.5489	10.6182	11.5994	12.4624	13.1883	13.7716	14.217	14.5374	14.7494	14.8691	14.9076																																																																																																																																																																																	
0.4857	0.4422	0.4592	0.533	0.6527	0.8039	0.9733	1.1524	1.3403	1.5454	1.7851	2.0838	2.4694	2.9681	3.6001	4.3745	5.287	6.3185	7.4366	8.5987	9.757	10.864	11.878	12.7675	13.5134	14.1102	14.5637	14.8883	15.102	15.222	15.2606																																																																																																																																																																																	
0.4778	0.4357	0.4552	0.5317	0.6533	0.8048	0.9723	1.1472	1.329	1.5272	1.7609	2.0563	2.4432	2.9498	3.5972	4.3953	5.3393	6.4087	7.5691	8.7755	9.9772	11.1244	12.1733	13.091	13.858	14.4692	14.9316	15.2605	15.476	15.5964	15.6349																																																																																																																																																																																	
0.4698	0.4293	0.4514	0.5307	0.6543	0.8061	0.9716	1.142	1.3173	1.5081	1.7352	2.0269	2.4152	2.93	3.5939	4.4171	5.3944	6.504	7.7094	8.9627	10.2106	11.4003	12.4861	13.4336	14.2228	14.8491	15.3204	15.6539	15.8709	15.9915	16.0302																																																																																																																																																																																	
0.4616	0.4229	0.4478	0.5302	0.6559	0.808	0.9713	1.1367	1.305	1.4879	1.708	1.9959	2.3856	2.9092	3.5905	4.4404	5.4531	6.6054	7.8584	9.1614	10.4579	11.6926	12.8171	13.7958	14.6083	15.2501	15.7304	16.0681	16.2865	16.4073	16.4457																																																																																																																																																																																	
0.4532	0.4164	0.4445	0.5301	0.6581	0.8104	0.9712	1.1314	1.2922	1.4667	1.6794	1.9631	2.3544	2.8875	3.5874	4.4657	5.516	6.7136	8.017	9.3726	10.7205	12.0024	13.1674	14.1787	15.0149	15.6723	16.1615	16.5032	16.7225	16.8431	16.8812																																																																																																																																																																																	
0.4447	0.41	0.4414	0.5305	0.6609	0.8134	0.9716	1.1261	1.2789	1.4444	1.6492	1.9287	2.3218	2.865	3.585	4.4936	5.584	6.8297	8.1865	9.5975	10.9995	12.3308	13.5381	14.5828	15.4432	16.1162	16.6139	16.9588	17.1785	17.2984	17.3362																																																																																																																																																																																	
0.4359	0.4037	0.4387	0.5315	0.6644	0.8172	0.9724	1.1208	1.265	1.421	1.6176	1.8927	2.288	2.8422	3.5836	4.5247	5.6578	6.9545	8.3679	9.8374	11.2962	12.6789	13.9301	15.0088	15.8937	16.582	17.0872	17.4346	17.6537	17.7723	17.8097																																																																																																																																																																																	
0.427	0.3975	0.4364	0.5332	0.6688	0.8217	0.9738	1.1157	1.2508	1.3967	1.5846	1.8552	2.2531	2.8193	3.584	4.5598	5.7385	7.0894	8.5626	10.0937	11.6118	13.0481	14.3442	15.4579	16.3668	17.0694	17.5811	17.9296	18.1471	18.2638	18.3002																																																																																																																																																																																	
0.4179	0.3914	0.4346	0.5357	0.6742	0.8272	0.9759	1.1108	1.2361	1.3714	1.5502	1.8164	2.2175	2.797	3.5867	4.5999	5.8271	7.2357	8.772	10.3677	11.9478	13.4396	14.7816	15.9301	16.8624	17.5781	18.0946	18.4424	18.657	18.7705	18.8057																																																																																																																																																																																	
0.4086	0.3854	0.4334	0.5391	0.6806	0.8338	0.9788	1.1062	1.2212	1.3452	1.5147	1.7765	2.1815	2.7758	3.5927	4.646	5.9251	7.3948	8.9978	10.6613	12.3058	13.8546	15.2432	16.4259	17.3804	18.1071	18.6263	18.9713	19.1808	19.2902	19.3236																																																																																																																																																																																	
0.3992	0.3797	0.4328	0.5436	0.6884	0.8417	0.9827	1.1021	1.2061	1.3184	1.4783	1.736	2.1457	2.7563	3.6029	4.6994	6.0341	7.5687	9.2418	10.9762	12.6872	14.2943	15.7293	16.9454	17.9199	18.6549	19.1736	19.5127	19.7149	19.8183	19.8497																																																																																																																																																																																	
0.3896	0.3744	0.4331	0.5493	0.6977	0.851	0.9877	1.0986	1.1911	1.2911	1.4411	1.6951	2.1106	2.7395	3.6186	4.7619	6.1559	7.7592	9.5063	11.3145	13.094	14.7598	16.2406	17.488	18.4794	19.219	19.7331	20.0627	20.2545	20.3499	20.3783																																																																																																																																																																																	
0.3799	0.3693	0.4343	0.5565	0.7087	0.8621	0.9942	1.0961	1.1764	1.2636	1.4037	1.6545	2.0772	2.7267	3.6414	4.8351	6.2927	7.9691	9.7937	11.6783	13.528	15.2523	16.7774	18.0527	19.0568	19.7959	20.3001	20.6154	20.7925	20.8777	20.9022																																																																																																																																																																																	
0.3702	0.3648	0.4366	0.5654	0.7217	0.8752	1.0025	1.0947	1.1622	1.2363	1.3664	1.6148	2.0464	2.7192	3.673	4.9216	6.4473	8.2011	10.1069	12.0705	13.9909	15.7729	17.3391	18.6379	19.6485	20.3803	20.868	21.1623	21.3201	21.3914	21.411																																																																																																																																																																																	
0.3604	0.361	0.4403	0.5763	0.7373	0.8909	1.013	1.095	1.1491	1.2095	1.33	1.5769	2.0196	2.7188	3.716	5.0242	6.623	8.4587	10.4493	12.4939	14.485	16.3225	17.9252	19.2409	20.2499	20.9655	21.4274	21.693	21.8247	21.8783	21.8915																																																																																																																																																																																	
0.3506	0.3579	0.4458	0.5897	0.7557	0.9096	1.0261	1.0974	1.1374	1.184	1.2952	1.5421	1.9984	2.7279	3.7733	5.1465	6.824	8.7464	10.8253	12.9521	15.0129	16.9016	18.5343	19.8576	20.8542	21.5418	21.9665	22.193	22.2906	22.3208	22.326																																																																																																																																																																																	
0.3409	0.356	0.4534	0.6061	0.7778	0.9319	1.0426	1.1024	1.1279	1.1604	1.263	1.5118	1.9849	2.7494	3.8486	5.2932	7.0552	9.0696	11.2398	13.4495	15.577	17.5109	19.1639	20.4825	21.4524	22.0966	22.4692	22.643	22.6959	22.6965	22.6911																																																																																																																																																																																	
0.3316	0.3555	0.4636	0.6263	0.8042	0.9588	1.0633	1.1111	1.1213	1.1398	1.2348	1.4879	1.9819	2.7868	3.9467	5.4698	7.3235	9.435	11.6994	13.9912	16.181	18.151	19.8112	21.1085	22.0324	22.6135	22.9145	23.0186	23.0134	22.9754	22.9567																																																																																																																																																																																	
0.3228	0.3569	0.4772	0.6511	0.8361	0.9914	1.0892	1.1242	1.1187	1.1233	1.2121	1.4727	1.9926	2.8448	4.0735	5.6838	7.6367	9.8512	12.2122	14.5841	16.8288	18.8224	20.4719	21.7257	22.5791	23.0708	23.2753	23.2876	23.2069	23.1195	23.0836																																																																																																																																																																																	
0.3148	0.3608	0.4953	0.6819	0.8749	1.031	1.1218	1.1432	1.1214	1.1124	1.1969	1.4689	2.0213	2.9294	4.2368	5.9444	8.0058	10.3295	12.7888	15.2371	17.5261	19.5258	21.1409	22.3224	23.0726	23.4414	23.5168	23.409	23.2307	23.0798	23.0218																																																																																																																																																																																	
0.3082	0.3683	0.5191	0.7203	0.9225	1.0797	1.1627	1.1696	1.1308	1.1088	1.1916	1.4803	2.0731	3.0477	4.4461	6.2635	8.4441	10.8841	13.4433	15.9617	18.2807	20.2633	21.8126	22.8839	23.4886	23.691	23.5959	23.3312	23.0269	22.7943	22.7081																																																																																																																																																																																	

