The data were generated by SigmaCalc version 2.0. Update of 11-11-2013. File created 12-8-2020.
P-31(pp) at 160.0 deg.
 keV     
1000.0	 333.7604
1002.0	 332.4380
1004.0	 331.1237
1007.0	 329.1674
1010.0	 327.2289
1012.0	 325.9460
1015.0	 324.0363
1016.0	 323.4034
1017.0	 322.7724
1020.0	 320.8911
1023.0	 319.0260
1024.0	 318.4077
1027.0	 316.5648
1030.0	 314.7377
1033.0	 312.9265
1037.0	 310.5356
1039.0	 309.3505
1041.0	 308.1723
1043.0	 307.0001
1047.0	 304.6767
1051.0	 302.3793
1052.0	 301.8090
1055.0	 300.1077
1056.0	 299.5435
1059.0	 297.8606
1060.0	 297.3027
1060.5	 297.0244
1061.0	 296.7463
1064.0	 295.0862
1067.0	 293.4398
1069.0	 292.3492
1071.0	 291.2648
1073.0	 290.1863
1075.0	 289.1133
1077.0	 288.0459
1078.0	 287.5145
1080.0	 286.4558
1083.0	 284.8776
1089.0	 281.7578
1089.5	 281.4997
1090.0	 281.2423
1093.0	 279.7041
1095.0	 278.6852
1097.0	 277.6710
1100.0	 276.1591
1102.0	 275.1575
1104.0	 274.1608
1106.0	 273.1686
1108.0	 272.1812
1110.0	 271.1986
1112.0	 270.2203
1117.0	 267.7945
1119.0	 266.8317
1120.0	 266.3518
1123.0	 264.9188
1126.0	 263.4949
1131.0	 261.1417
1132.0	 260.6740
1134.0	 259.7410
1136.0	 258.8120
1138.0	 257.8863
1140.0	 256.9641
1142.0	 256.0451
1144.0	 255.1294
1150.0	 252.4005
1153.0	 251.0454
1154.0	 250.5948
1154.5	 250.3699
1156.0	 249.6960
1157.0	 249.2473
1158.0	 248.7993
1161.0	 247.4582
1162.0	 247.0119
1164.0	 246.1209
1167.0	 244.7873
1169.0	 243.8997
1170.0	 243.4564
1172.0	 242.5700
1175.0	 241.2416
1177.0	 240.3562
1178.0	 239.9134
1181.0	 238.5840
1183.0	 237.6964
1184.0	 237.2521
1186.0	 236.3620
1189.0	 235.0220
1191.0	 234.1247
1192.0	 233.6746
1195.0	 232.3172
1197.0	 231.4048
1198.0	 230.9463
1200.0	 230.0233
1203.0	 228.6215
1204.0	 228.1488
1205.0	 227.6732
1207.0	 226.7115
1209.0	 225.7345
1211.0	 224.7395
1213.0	 223.7229
1214.0	 223.2054
1217.0	 221.6094
1219.0	 220.5022
1220.0	 219.9328
1221.0	 219.3519
1222.0	 218.7581
1223.0	 218.1501
1223.5	 217.8402
1225.0	 216.8852
1225.5	 216.5574
1226.0	 216.2246
1227.0	 215.5424
1228.0	 214.8360
1228.0	 214.8360
1230.0	 213.3380
1231.0	 212.5391
1232.0	 211.7002
1233.0	 210.8164
1234.0	 209.8802
1235.0	 208.8834
1236.0	 207.8161
1237.0	 206.6657
1238.0	 205.4167
1239.0	 204.0496
1240.0	 202.5388
1242.0	 198.9468
1243.0	 196.7635
1245.0	 191.2059
1246.0	 187.5457
1247.0	 182.9819
1250.0	 157.9237
1251.0	 140.8243
1253.0	 73.5961
1254.0	 165.5291
1255.0	 336.9845
1256.0	 315.4963
1256.5	 301.3091
1257.0	 289.7171
1258.0	 272.9541
1258.5	 266.8414
1259.0	 261.7710
1262.0	 243.4134
1262.5	 241.4911
1265.0	 234.2167
1267.0	 230.1550
1267.5	 229.2955
1268.0	 228.4855
1270.0	 225.6475
1271.0	 224.4211
1272.0	 223.2952
1273.0	 222.2539
1275.0	 220.3784
1276.0	 219.5254
1277.0	 218.7195
1278.0	 217.9544
1279.0	 217.2260
1281.0	 215.8624
1282.0	 215.2207
1283.0	 214.6021
1285.0	 213.4259
1287.0	 212.3185
1290.0	 210.7631
1291.0	 210.2683
1292.0	 209.7840
1295.0	 208.3861
1297.0	 207.4942
1299.0	 206.6297
1301.0	 205.7892
1303.0	 204.9703
1303.0	 204.9703
1305.0	 204.1706
1306.0	 203.7774
1308.0	 203.0027
1309.0	 202.6211
1311.0	 201.8681
1314.0	 200.7628
1316.0	 200.0403
1317.0	 199.6830
1319.0	 198.9756
1321.0	 198.2773
1323.0	 197.5878
1325.0	 196.9065
1327.0	 196.2325
1329.0	 195.5654
1331.0	 194.9049
1333.0	 194.2504
1335.0	 193.6018
1337.0	 192.9584
1339.0	 192.3203
1341.0	 191.6868
1343.0	 191.0578
1345.0	 190.4331
1348.0	 189.5034
1349.0	 189.1953
1351.0	 188.5818
1353.0	 187.9716
1355.0	 187.3645
1357.0	 186.7602
1359.0	 186.1583
1361.0	 185.5587
1362.0	 185.2597
1367.0	 183.7713
1370.0	 182.8818
1373.0	 181.9935
1376.0	 181.1047
1383.0	 179.0134
1387.0	 177.7901
1389.0	 177.1624
1394.0	 175.4969
1398.0	 173.9231
1401.0	 172.2687
1403.0	 170.3002
1406.0	 161.5407
1407.0	 186.9677
1411.0	 174.2255
1412.0	 173.5338
1414.0	 172.4704
1422.0	 169.5152
1426.0	 168.2612
1430.0	 167.0505
1433.0	 166.1559
1435.0	 165.5624
1439.0	 164.3760
1441.0	 163.7810
1449.0	 161.3655
1453.0	 160.1226
1457.0	 158.8436
1460.0	 157.8538
1461.0	 157.5168
1463.0	 156.8309
1469.0	 154.6531
1473.0	 153.0664
1474.0	 152.6475
1476.0	 151.7776
1477.0	 151.3247
1480.0	 149.8795
1483.0	 148.2727
1485.0	 147.0844
1488.0	 145.0665
1491.0	 142.6563
1494.0	 139.6657
1497.0	 135.7546
1499.0	 132.3471
1501.0	 127.9449
1502.0	 125.2186
1504.0	 118.2367
1506.0	 108.2344
1508.0	 93.7369
1510.0	 75.5557
1511.0	 69.0145
1513.0	 82.0869
1514.0	 102.4614
1515.0	 123.0576
1518.0	 154.7188
1519.0	 158.0359
1521.0	 160.4811
1525.0	 159.5802
1528.0	 157.7767
1534.0	 154.1156
1538.0	 151.8772
1541.0	 150.2821
1546.0	 147.6976
1547.0	 147.1813
1549.0	 146.1401
1555.0	 142.8399
1557.0	 141.6331
1558.0	 140.9993
1559.0	 140.3408
1560.0	 139.6546
1565.0	 135.6351
1568.0	 132.5006
1572.0	 126.8407
1576.0	 118.7650
1578.0	 114.6799
1582.0	 124.6029
1584.0	 143.2995
1584.5	 147.4161
1585.0	 150.9095
1590.0	 159.5667
1590.5	 159.2415
1591.0	 158.8643
1595.0	 155.3066
1596.0	 154.4479
1601.0	 150.7548
1602.0	 150.1270
1607.0	 147.4052
1610.0	 146.0292
1612.0	 145.1914
1615.0	 144.0303
1617.0	 143.3096
1621.0	 141.9703
1623.0	 141.3434
1624.0	 141.0392
1627.0	 140.1584
1630.0	 139.3195
1633.0	 138.5163
1636.0	 137.7435
1637.0	 137.4918
1641.0	 136.5113
1642.0	 136.2721
1644.0	 135.8002
1648.0	 134.8798
1652.0	 133.9864
1657.0	 132.9014
1659.0	 132.4760
1663.0	 131.6380
1671.0	 130.0056
1677.0	 128.8118
1681.0	 128.0275
1686.0	 127.0580
1695.0	 125.3362
1699.0	 124.5781
1700.0	 124.3892
1702.0	 124.0118
1708.0	 122.8828
1713.0	 121.9441
1716.0	 121.3811
1719.0	 120.8178
1723.0	 120.0658
1725.0	 119.6891
1727.0	 119.3119
1730.0	 118.7444
1732.0	 118.3651
1734.0	 117.9848
1738.0	 117.2207
1740.0	 116.8367
1741.0	 116.6441
1747.0	 115.4801
1750.0	 114.8915
1757.0	 113.4977
1761.0	 112.6863
1764.0	 112.0694
1768.0	 111.2343
1772.0	 110.3833
1776.0	 109.5139
1781.0	 108.3983
1784.0	 107.7111
1787.0	 107.0094
1788.0	 106.7720
1791.0	 106.0483
1794.0	 105.3062
1796.0	 104.8004
1797.0	 104.5440
1798.0	 104.2851
1800.0	 103.7594
1806.0	 102.1136
1811.0	 100.6506
1817.0	 98.7601
1820.0	 97.7494
1826.0	 95.5680
1828.0	 94.7860
1833.0	 92.6858
1836.0	 91.3100
1837.0	 90.8293
1839.0	 89.8315
1842.0	 88.2336
1846.0	 85.8829
1850.0	 83.2255
1853.0	 80.9859
1855.0	 79.3534
1858.0	 76.6591
1860.0	 74.6746
1862.0	 72.5167
1865.0	 68.9054
1868.0	 64.7703
1870.0	 61.6807
1872.0	 58.2992
1873.0	 56.4949
1875.0	 52.6625
1875.5	 51.6602
1876.0	 50.6412
1878.0	 46.4317
1880.0	 42.1177
1881.0	 39.9949
1883.0	 36.0626
1886.0	 32.1276
1889.0	 33.2274
1889.5	 34.1314
1890.0	 35.2725
1892.0	 42.2701
1893.0	 47.1491
1894.0	 52.7787
1895.0	 58.9524
1896.0	 65.4285
1897.0	 71.9549
1900.0	 89.7714
1902.0	 98.9717
1903.0	 102.6593
1904.0	 105.7708
1906.0	 110.4596
1909.0	 114.4897
1913.0	 116.2772
1917.0	 115.8547
1920.0	 114.7891
1925.0	 112.2943
1927.0	 111.1461
1931.0	 108.6756
1934.0	 106.6815
1937.0	 104.5492
1939.0	 103.0311
1940.0	 102.2363
1943.0	 99.6699
1944.0	 98.7392
1947.0	 95.6378
1948.0	 94.4728
1950.0	 91.8757
1951.0	 90.4118
1952.0	 88.8094
1955.0	 82.8662
1956.0	 80.3626
1957.0	 77.4958
1959.0	 70.3176
1962.0	 54.3344
1964.0	 41.0684
1966.0	 40.0553
1967.0	 53.9832
1968.0	 76.6491
1969.0	 99.1063
1971.0	 124.1197
1973.0	 130.8103
1975.0	 132.3932
1977.0	 134.8524
1978.0	 138.0186
1978.5	 140.6389
1979.0	 144.4254
1979.5	 150.0885
1980.0	 159.0338
1980.5	 174.4689
1981.0	 205.2509
1981.5	 282.2554
1982.0	 383.6880
1982.5	 72.1842
1983.0	 52.4647
1983.5	 62.1028
1984.0	 69.9747
1984.5	 75.4289
1985.0	 79.2226
1985.5	 81.9104
1986.0	 83.8366
1987.0	 86.1688
1988.0	 87.0554
1990.0	 138.3991
1991.0	 92.8015
1992.0	 91.0086
1993.0	 90.0491
1994.0	 89.2038
1997.0	 86.4053
1999.0	 84.1233
2003.0	 78.1870
2005.0	 74.2962
2007.0	 69.5575
2009.0	 63.7388
2011.0	 56.6238
2013.0	 48.2206
2015.0	 39.3928
2018.0	 32.5913
2021.0	 47.8788
2023.0	 66.8000
2025.0	 83.1453
2026.0	 89.1915
2028.0	 97.3882
2033.0	 104.6182
2041.0	 104.2130
2054.0	 99.9058
2066.0	 96.2855
2076.0	 93.6556
2087.0	 91.0450
2102.0	 87.7608
