The data were generated by SigmaCalc version 2.0. Update of 15-02-2017. File created 12-8-2020.
Si-nat(pp) at 135.0 deg.
 keV     RTR
1000.0	 0.9983
1020.0	 0.9626
1040.0	 0.9629
1060.0	 0.9631
1080.0	 0.9631
1100.0	 0.9631
1120.0	 0.9630
1140.0	 0.9627
1160.0	 0.9624
1180.0	 0.9618
1200.0	 0.9611
1220.0	 0.9602
1240.0	 0.9590
1260.0	 0.9576
1280.0	 0.9558
1300.0	 0.9537
1320.0	 0.9511
1340.0	 0.9481
1360.0	 0.9443
1380.0	 0.9398
1400.0	 0.9343
1420.0	 0.9275
1440.0	 0.9190
1460.0	 0.9083
1480.0	 0.8945
1500.0	 0.8762
1520.0	 0.8511
1540.0	 0.8154
1560.0	 0.8159
1565.0	 0.8031
1570.0	 0.7891
1575.0	 0.7737
1580.0	 0.7568
1585.0	 0.7381
1590.0	 0.7176
1595.0	 0.6950
1600.0	 0.6701
1605.0	 0.6427
1610.0	 0.6133
1615.0	 0.5828
1620.0	 0.5537
1625.0	 0.5306
1630.0	 0.5216
1635.0	 0.5379
1640.0	 0.5909
1645.0	 0.6842
1650.0	 0.8060
1655.0	 0.9325
1660.0	 1.0413
1665.0	 1.1222
1670.0	 1.1759
1675.0	 1.2081
1680.0	 1.2254
1685.0	 1.2327
1690.0	 1.2339
1695.0	 1.2312
1700.0	 1.2134
1710.0	 1.1999
1720.0	 1.1863
1730.0	 1.1735
1740.0	 1.1618
1750.0	 1.1512
1760.0	 1.1415
1770.0	 1.1327
1780.0	 1.1246
1790.0	 1.1171
1800.0	 1.1100
1810.0	 1.1034
1820.0	 1.0970
1830.0	 1.0908
1840.0	 1.0848
1850.0	 1.0789
1860.0	 1.0729
1870.0	 1.0669
1880.0	 1.0608
1890.0	 1.0544
1900.0	 1.0478
1910.0	 1.0408
1920.0	 1.0333
1930.0	 1.0252
1940.0	 1.0164
1950.0	 1.0065
1960.0	 0.9955
1970.0	 0.9829
1980.0	 0.9683
1990.0	 0.9510
2000.0	 0.9453
2005.0	 0.9344
2010.0	 0.9221
2015.0	 0.9084
2020.0	 0.8930
2025.0	 0.8754
2030.0	 0.8552
2035.0	 0.8318
2040.0	 0.8042
2045.0	 0.7714
2050.0	 0.7319
2055.0	 0.6837
2060.0	 0.6248
2065.0	 0.5541
2070.0	 0.4794
2075.0	 0.4524
2080.0	 0.7348
2085.0	 1.9507
2090.0	 2.8464
2095.0	 2.5759
2100.0	 2.2129
2105.0	 1.9624
2110.0	 1.7949
2115.0	 1.6783
2120.0	 1.5935
2125.0	 1.5295
2130.0	 1.4794
2135.0	 1.4394
2140.0	 1.4065
2145.0	 1.3790
2150.0	 1.3557
2155.0	 1.3356
2160.0	 1.3180
2165.0	 1.3024
2170.0	 1.2886
2175.0	 1.2761
2180.0	 1.2647
2185.0	 1.2542
2190.0	 1.2445
2195.0	 1.2355
2200.0	 1.2149
2210.0	 1.2011
2220.0	 1.1905
2230.0	 1.1824
2240.0	 1.1743
2250.0	 1.1654
2260.0	 1.1562
2270.0	 1.1470
2280.0	 1.1381
2290.0	 1.1316
2300.0	 1.1388
2310.0	 1.1396
2320.0	 1.1214
2330.0	 1.1059
2340.0	 1.0927
2350.0	 1.0924
2360.0	 1.1518
2370.0	 1.1344
2380.0	 1.1218
2390.0	 1.1167
2400.0	 1.1097
2410.0	 1.1009
2420.0	 1.0912
2430.0	 1.0813
2440.0	 1.0711
2450.0	 1.0607
2460.0	 1.0499
2470.0	 1.0383
2480.0	 1.0249
2490.0	 1.0362
2500.0	 1.0347
2510.0	 1.0331
2520.0	 1.0174
2530.0	 0.9996
2540.0	 0.9813
2550.0	 0.9668
2560.0	 0.9683
2570.0	 0.9678
2580.0	 0.9592
2590.0	 1.0755
2600.0	 0.9757
2610.0	 0.9510
2620.0	 0.9307
2630.0	 0.9142
2640.0	 0.8982
2650.0	 0.8822
2660.0	 0.8701
2670.0	 0.9012
2680.0	 0.9574
2690.0	 0.9092
2700.0	 0.9085
2710.0	 0.9048
2720.0	 0.8821
2730.0	 0.8683
2740.0	 0.8550
2750.0	 0.8486
2760.0	 0.8989
2770.0	 0.8455
2780.0	 0.8268
2790.0	 0.8790
2800.0	 0.8857
2810.0	 0.8455
2820.0	 0.9586
2830.0	 0.8975
2840.0	 0.8865
2850.0	 0.8869
2860.0	 0.8916
2870.0	 0.8989
2880.0	 0.9078
2890.0	 0.9173
2900.0	 0.9309
2910.0	 0.9362
2920.0	 0.9621
2930.0	 0.9706
2940.0	 0.9781
2950.0	 1.0290
2960.0	 1.0469
2970.0	 1.0535
2980.0	 1.0715
2990.0	 1.0887
3000.0	 1.1115
3002.0	 1.1269
3004.0	 1.1281
3006.0	 1.1261
3008.0	 1.1255
3010.0	 1.1260
3012.0	 1.1272
3014.0	 1.1287
3016.0	 1.1304
3018.0	 1.1322
3020.0	 1.1340
3022.0	 1.1358
3024.0	 1.1375
3026.0	 1.1392
3028.0	 1.1408
3030.0	 1.1424
3032.0	 1.1438
3034.0	 1.1451
3036.0	 1.1462
3038.0	 1.1471
3040.0	 1.1479
3042.0	 1.1483
3044.0	 1.1483
3046.0	 1.1478
3048.0	 1.1464
3050.0	 1.1437
3052.0	 1.1388
3054.0	 1.1336
3056.0	 1.1382
3058.0	 1.1483
3060.0	 1.1531
3062.0	 1.1542
3064.0	 1.1537
3066.0	 1.1523
3068.0	 1.1503
3070.0	 1.1478
3072.0	 1.1447
3074.0	 1.1411
3076.0	 1.1368
3078.0	 1.1317
3080.0	 1.1258
3082.0	 1.1189
3084.0	 1.1109
3086.0	 1.1016
3088.0	 1.0908
3090.0	 1.0784
3092.0	 1.0645
3094.0	 1.0491
3096.0	 1.0331
3098.0	 1.0189
3100.0	 1.0121
3102.0	 1.0256
3104.0	 1.0844
3106.0	 1.2214
3108.0	 1.4347
3110.0	 1.6379
3112.0	 1.7443
3114.0	 1.7613
3116.0	 1.7350
3118.0	 1.6961
3120.0	 1.6574
3122.0	 1.6231
3124.0	 1.5939
3126.0	 1.5692
3128.0	 1.5485
3130.0	 1.5309
3132.0	 1.5161
3134.0	 1.5034
3136.0	 1.4925
3138.0	 1.4830
3140.0	 1.4748
3142.0	 1.4676
3144.0	 1.4613
3146.0	 1.4556
3148.0	 1.4507
3150.0	 1.4074
3170.0	 1.3946
3190.0	 1.3909
3210.0	 1.4210
3230.0	 1.4355
3250.0	 1.3977
3270.0	 1.3981
3272.0	 1.3957
3274.0	 1.3934
3276.0	 1.3911
3278.0	 1.3889
3280.0	 1.3867
3282.0	 1.3844
3284.0	 1.3823
3286.0	 1.3802
3288.0	 1.3782
3290.0	 1.3762
3292.0	 1.3743
3294.0	 1.3726
3296.0	 1.3710
3298.0	 1.3696
3300.0	 1.3684
3302.0	 1.3675
3304.0	 1.3669
3306.0	 1.3668
3308.0	 1.3673
3310.0	 1.3684
3312.0	 1.3705
3314.0	 1.3737
3316.0	 1.3782
3318.0	 1.3846
3320.0	 1.3932
3322.0	 1.4048
3324.0	 1.4201
3326.0	 1.4403
3328.0	 1.4670
3330.0	 1.5020
3332.0	 1.5481
3334.0	 1.6088
3336.0	 1.6887
3338.0	 1.7935
3340.0	 1.9301
3342.0	 2.1052
3344.0	 2.3229
3346.0	 2.5797
3348.0	 2.8576
3350.0	 3.3784
3352.0	 3.3055
3354.0	 3.1605
3356.0	 2.9962
3358.0	 2.8333
3360.0	 2.6826
3362.0	 2.5483
3364.0	 2.0894
3366.0	 2.0318
3368.0	 1.9812
3370.0	 1.9365
3372.0	 1.8968
3374.0	 1.8613
3376.0	 1.7210
3378.0	 1.7008
3380.0	 1.6820
3390.0	 1.6717
3400.0	 1.6625
3410.0	 1.6541
3420.0	 1.5876
3430.0	 1.5333
3440.0	 1.4853
3450.0	 1.4403
3460.0	 1.3958
3470.0	 1.3499
3480.0	 1.3013
3490.0	 1.2487
3500.0	 1.1914
