The data were generated by SigmaCalc version 2.0. Update of 29-05-2013. File created 12-8-2020.
Ti-nat(pp) at 140.0 deg.
 keV     RTR
1811.0	 1.0002
1812.0	 1.0035
1814.0	 1.0035
1816.0	 1.0035
1817.0	 1.0035
1820.0	 1.0036
1824.0	 1.0036
1825.0	 1.0036
1826.0	 1.0036
1828.0	 1.0037
1829.0	 1.0037
1830.0	 1.0037
1832.0	 1.0037
1834.0	 1.0037
1835.0	 1.0037
1836.0	 1.0037
1837.0	 1.0037
1839.0	 1.0038
1840.0	 1.0038
1841.0	 1.0038
1842.0	 1.0038
1843.0	 1.0038
1844.0	 1.0038
1846.0	 1.0038
1847.0	 1.0038
1850.0	 1.0038
1851.0	 1.0038
1852.0	 1.0039
1853.0	 1.0039
1855.0	 1.0039
1856.0	 1.0039
1857.0	 1.0039
1859.0	 1.0039
1862.0	 1.0039
1863.0	 1.0039
1867.0	 1.0039
1868.0	 1.0039
1870.0	 1.0039
1872.0	 1.0039
1873.0	 1.0039
1875.0	 1.0039
1879.0	 1.0038
1881.0	 1.0038
1883.0	 1.0038
1884.0	 1.0038
1887.0	 1.0037
1888.0	 1.0036
1890.0	 1.0035
1891.0	 1.0035
1892.0	 1.0034
1894.0	 1.0032
1895.0	 1.0031
1898.0	 1.0023
1899.0	 1.0017
1900.0	 1.0006
1900.5	 0.9994
1901.0	 0.9969
1901.5	 0.9884
1901.8	 0.9414
1902.0	 1.0616
1902.5	 1.0136
1903.0	 1.0090
1905.0	 1.0051
1906.0	 1.0044
1907.0	 1.0037
1908.0	 1.0024
1909.0	 0.9942
1909.2	 0.9725
1909.5	 1.0191
1909.8	 1.0104
1910.0	 1.0086
1913.0	 1.0046
1914.0	 1.0042
1915.0	 1.0039
1916.0	 1.0035
1921.0	 0.9998
1922.0	 0.9972
1923.2	 0.9867
1923.4	 0.9812
1923.6	 0.9704
1923.8	 0.9382
1924.1	 1.1108
1924.3	 1.0385
1924.7	 1.0127
1925.0	 1.0015
1925.2	 0.9886
1925.4	 0.9310
1925.6	 1.0882
1925.8	 1.0384
1926.0	 1.0274
1930.0	 1.0093
1935.0	 1.0074
1937.0	 1.0070
1939.0	 1.0068
1940.0	 1.0067
1943.0	 1.0064
1945.0	 1.0063
1946.0	 1.0062
1948.0	 1.0061
1949.0	 1.0061
1950.0	 1.0060
1951.0	 1.0060
1952.0	 1.0059
1953.0	 1.0059
1965.0	 1.0052
1967.0	 1.0050
1969.0	 1.0048
1972.0	 1.0043
1973.0	 1.0041
1976.0	 1.0026
1976.5	 1.0020
1977.0	 1.0012
1978.0	 0.9964
1978.5	 0.9769
1978.9	 1.0272
1979.0	 1.0195
1980.0	 1.0059
1981.0	 1.0012
1982.0	 0.9683
1982.4	 1.0456
1982.6	 1.0261
1983.0	 1.0163
1985.0	 1.0088
1989.0	 1.0066
1990.0	 1.0063
1991.0	 1.0061
1993.0	 1.0057
1994.0	 1.0054
1996.0	 1.0050
1998.0	 1.0046
2000.0	 1.0040
2002.0	 1.0034
2003.0	 1.0029
2004.0	 1.0024
2005.0	 1.0018
2007.0	 1.0001
2008.0	 0.9987
2011.0	 0.9858
2011.2	 0.9832
2012.0	 0.9605
2012.5	 0.8870
2012.7	 0.6895
2012.9	 1.3388
2013.0	 1.1849
2013.5	 1.0578
2014.0	 1.0360
2015.0	 1.0221
2020.0	 1.0096
2025.0	 1.0056
2027.0	 1.0036
2029.0	 1.0003
2030.0	 0.9973
2032.0	 0.9724
2032.1	 0.9638
2032.4	 1.0146
2032.6	 0.9852
2032.8	 0.9710
2033.0	 0.9536
2033.3	 0.8929
2033.5	 0.6934
2033.7	 1.3480
2033.9	 1.1332
2034.0	 1.1029
2035.0	 1.0363
2037.0	 1.0199
2039.0	 1.0153
2041.0	 1.0130
2045.0	 1.0104
2046.0	 1.0099
2049.0	 1.0085
2051.0	 1.0074
2053.0	 1.0062
2055.0	 1.0044
2057.0	 1.0015
2059.0	 0.9945
2060.0	 0.9845
2061.0	 0.9357
2061.2	 0.8885
2061.4	 0.6887
2061.6	 1.3453
2061.8	 1.1308
2062.0	 1.0822
2065.0	 1.0180
2069.0	 1.0102
2070.0	 1.0087
2071.0	 1.0072
2072.0	 1.0053
2074.0	 0.9993
2076.0	 0.9804
2077.0	 0.9279
2077.2	 0.8910
2077.4	 0.8079
2077.6	 0.5949
2077.8	 0.9929
2078.0	 1.1085
2079.0	 1.0505
2080.0	 1.0351
2083.0	 1.0224
2086.0	 1.0183
2088.0	 1.0166
2090.0	 1.0151
2091.0	 1.0141
2092.0	 1.0123
2093.0	 1.0050
2093.2	 0.9978
2093.4	 0.9596
2093.6	 1.0596
2093.8	 1.0314
2094.0	 1.0249
2096.0	 1.0163
2097.0	 1.0154
2099.0	 1.0137
2100.0	 1.0122
2101.1	 1.0008
2101.3	 0.9709
2101.5	 1.0514
2101.7	 1.0278
2102.0	 1.0212
2103.0	 1.0169
2104.0	 1.0157
2105.0	 1.0150
2107.0	 1.0142
2108.0	 1.0139
2111.0	 1.0128
2113.0	 1.0108
2113.8	 1.0053
2114.0	 0.9973
2114.1	 0.9806
2114.3	 1.0415
2114.5	 1.0229
2115.0	 1.0164
2116.0	 1.0115
2116.1	 1.0097
2116.2	 1.0044
2116.4	 1.0245
2116.6	 1.0178
2117.0	 1.0156
2118.0	 1.0144
2119.0	 1.0139
2125.0	 1.0125
2130.0	 1.0116
2132.0	 1.0112
2133.0	 1.0110
2134.0	 1.0108
2139.0	 1.0094
2141.0	 1.0085
2142.0	 1.0080
2144.0	 1.0065
2145.0	 1.0054
2147.0	 1.0007
2148.0	 0.9929
2148.5	 0.9783
2148.8	 0.9154
2149.0	 1.0688
2149.2	 1.0051
2149.5	 0.8911
2149.7	 1.0991
2150.0	 1.0421
2151.0	 1.0201
2151.8	 1.0198
2152.0	 1.0311
2152.2	 0.9950
2152.4	 1.0058
2152.6	 1.0076
2153.0	 1.0080
2155.0	 1.0029
2155.0	 1.0029
2156.0	 0.9872
2156.2	 0.9511
2156.4	 1.0587
2156.6	 1.0220
2157.0	 1.0106
2158.0	 1.0030
2159.0	 0.9972
2160.0	 0.9886
2161.0	 0.9701
2162.2	 0.8018
2162.4	 0.5539
2162.6	 1.5296
2162.8	 1.2350
2163.0	 1.1492
2164.0	 1.0589
2165.0	 1.0403
2168.0	 1.0225
2170.0	 0.9778
2170.1	 0.9288
2170.3	 1.0883
2170.5	 1.0478
2171.0	 1.0313
2172.0	 1.0245
2173.0	 1.0218
2176.0	 1.0172
2178.0	 1.0131
2179.0	 1.0079
2179.8	 0.9846
2180.0	 0.9288
2180.2	 1.0838
2180.4	 0.9989
2180.6	 1.0716
2180.8	 1.0423
2181.0	 1.0342
2182.0	 1.0234
2184.0	 1.0184
2187.0	 1.0140
2188.0	 1.0118
2190.0	 0.9716
2190.2	 0.8729
2190.4	 1.0999
2190.6	 1.0528
2190.8	 1.0387
2191.0	 1.0322
2192.0	 1.0212
2193.0	 1.0149
2193.4	 1.0036
2193.5	 0.9869
2193.7	 1.0468
2194.0	 1.0258
2196.0	 1.0175
2197.0	 1.0163
2199.0	 1.0142
2200.0	 1.0132
2201.0	 1.0119
2202.5	 1.0098
2202.8	 1.0104
2203.1	 1.0224
2203.3	 0.9844
2203.5	 0.9937
2204.0	 0.9835
2204.2	 0.9657
2204.4	 0.8780
2204.6	 1.1481
2204.8	 1.0573
2205.0	 1.0389
2207.0	 1.0156
2208.0	 1.0130
2210.0	 1.0071
2210.5	 1.0013
2210.7	 0.9862
2210.9	 1.0267
2211.0	 1.0166
2211.2	 1.0104
2212.0	 0.9667
2212.2	 1.0463
2212.4	 1.0223
2213.0	 1.0122
2214.0	 1.0075
2215.0	 1.0040
2217.0	 0.9948
2218.0	 0.9865
2219.0	 0.9681
2219.5	 0.9431
2219.8	 0.9016
2220.0	 0.8133
2220.1	 0.6710
2220.3	 1.3544
2220.5	 1.1189
2220.7	 1.0655
2221.0	 1.0329
2221.5	 1.0067
2222.0	 0.9869
2222.5	 0.9627
2223.0	 0.9192
2223.5	 0.7869
2223.8	 0.5173
2224.0	 1.6208
2224.2	 1.3546
2224.8	 1.1442
2225.5	 1.0922
2226.0	 1.0756
2229.0	 1.0359
2229.2	 1.0310
2229.5	 0.9939
2229.7	 1.0776
2230.0	 1.0464
2230.5	 1.0279
2230.7	 0.9876
2231.0	 1.0675
2231.2	 1.0551
2232.0	 1.0488
2232.2	 1.0604
2232.4	 1.0222
2233.0	 1.0356
2235.0	 1.0333
2236.0	 1.0320
2237.0	 1.0310
2238.0	 1.0300
2240.0	 1.0284
2241.0	 1.0278
2242.0	 1.0271
2243.0	 1.0265
2246.0	 1.0248
2248.0	 1.0236
2249.0	 1.0229
2251.0	 1.0210
2252.0	 1.0194
2253.0	 1.0160
2254.0	 0.9941
2254.2	 0.9394
2254.4	 1.1049
2254.7	 1.0420
2255.0	 1.0328
2256.0	 1.0243
2257.0	 1.0183
2257.4	 1.0093
2257.6	 0.9782
2257.8	 1.0612
2258.1	 1.0329
2259.0	 1.0246
2260.0	 1.0216
2261.0	 1.0188
2262.0	 1.0142
2262.5	 1.0098
2263.0	 0.9999
2263.5	 0.9554
2263.7	 0.8078
2263.9	 1.1174
2264.0	 1.0948
2264.5	 1.0489
2264.9	 1.0423
2265.0	 1.0446
2265.2	 1.0274
2265.3	 1.0300
2265.5	 1.0300
2265.8	 1.0273
2266.0	 1.0198
2266.2	 1.0390
2266.4	 1.0320
2267.0	 1.0284
2269.0	 1.0240
2271.0	 1.0195
2271.4	 1.0178
2271.8	 1.0152
2272.0	 1.0132
2272.5	 1.0017
2272.9	 0.9139
2273.1	 1.1358
2273.5	 1.0458
2274.0	 1.0342
2277.0	 1.0231
2278.0	 1.0210
2279.0	 1.0176
2279.5	 1.0142
2280.0	 1.0058
2280.3	 0.9878
2280.5	 0.9149
2280.7	 1.1199
2281.0	 1.0482
2282.0	 1.0290
2283.0	 1.0249
2284.0	 1.0223
2285.0	 1.0197
2286.0	 1.0162
2287.0	 1.0094
2288.0	 0.9787
2288.4	 0.8117
2288.6	 1.2431
2289.0	 1.0670
2290.0	 1.0340
2290.8	 1.0176
2291.1	 0.9632
2291.3	 1.0845
2291.5	 1.0508
2292.0	 1.0373
2293.0	 1.0309
2295.0	 1.0244
2295.5	 1.0219
2296.2	 1.0122
2296.7	 0.9216
2296.9	 1.1275
2297.2	 1.0570
2297.8	 1.0499
2298.0	 1.0750
2298.2	 0.9973
2298.5	 1.0228
2299.0	 1.0263
2301.0	 1.0259
2302.0	 1.0253
2303.0	 1.0248
2304.0	 1.0244
2305.0	 1.0241
2306.0	 1.0246
2307.0	 1.0338
2307.2	 1.0606
2307.4	 0.9841
2307.7	 1.0107
2308.2	 1.0154
2310.0	 1.0159
2311.0	 1.0142
2312.0	 1.0110
2312.5	 1.0078
2313.0	 1.0004
2313.3	 0.9857
2313.5	 0.9302
2313.7	 1.0980
2314.0	 1.0331
2314.5	 1.0195
2315.0	 1.0138
2316.0	 1.0034
2316.0	 1.0034
2317.0	 0.9814
2317.5	 0.9485
2318.1	 0.5996
2318.3	 1.5080
2318.7	 1.1475
2318.9	 1.1292
2319.1	 1.0713
2319.5	 1.0686
2320.0	 1.0636
2320.3	 1.0902
2320.5	 1.0100
2320.7	 1.0324
2321.0	 1.0362
2321.0	 1.0362
2321.0	 1.0362
2322.0	 1.0334
2322.5	 1.0277
2322.7	 1.0124
2322.9	 1.0540
2323.0	 1.0440
2323.5	 1.0357
2324.0	 1.0336
2326.0	 1.0300
2327.0	 1.0289
2328.0	 1.0280
2329.0	 1.0273
2330.0	 1.0268
2331.0	 1.0266
2332.0	 1.0271
2332.0	 1.0271
2333.0	 1.0302
2333.5	 1.0377
2333.9	 1.1055
2334.1	 0.9520
2334.3	 0.9963
2335.0	 1.0129
2337.0	 1.0159
2338.0	 1.0150
2339.0	 1.0129
2339.8	 1.0044
2340.0	 0.9818
2340.2	 1.0437
2340.5	 1.0219
2341.0	 1.0170
2342.0	 1.0135
2343.0	 1.0107
2343.5	 1.0091
2344.0	 1.0072
2344.5	 1.0046
2345.0	 1.0009
2346.0	 0.9731
2346.3	 0.8708
2346.5	 1.1483
2347.0	 1.0279
2348.0	 1.0055
2349.0	 0.9554
2349.2	 0.8315
2349.4	 1.1009
2349.7	 1.0429
2351.0	 1.0088
2351.0	 1.0088
2353.0	 0.9785
2353.0	 0.9785
2354.0	 0.9317
2354.5	 0.8461
2354.9	 0.5206
2355.1	 1.6360
2355.5	 1.2004
2356.0	 1.1088
2357.0	 1.0603
2359.0	 1.0306
2360.0	 1.0211
2362.0	 0.9976
2363.0	 0.9755
2363.6	 0.9785
2363.8	 0.8867
2364.0	 0.8865
2364.3	 0.8447
2364.5	 0.7132
2364.8	 0.5254
2365.0	 1.6523
2365.5	 1.2403
2366.0	 1.1448
2367.0	 1.0863
2368.0	 1.0623
2369.0	 1.0446
2369.5	 1.0342
2370.5	 0.9654
2370.8	 0.7245
2371.0	 1.1238
2371.5	 1.0854
2372.0	 1.0627
2372.7	 1.0447
2373.0	 1.0311
2373.2	 1.0465
2373.5	 1.0321
2374.0	 1.0133
2374.5	 0.9718
2375.0	 0.6362
2375.2	 1.5036
2375.5	 1.1841
2376.0	 1.1107
2377.0	 1.0773
2377.5	 1.0695
2377.9	 1.0570
2378.1	 1.0766
2378.5	 1.0656
2379.0	 1.0618
2380.0	 1.0572
2382.0	 1.0515
2382.5	 1.0504
2383.0	 1.0494
2385.0	 1.0459
2386.0	 1.0442
2387.0	 1.0420
2388.0	 1.0378
2388.5	 1.0308
2388.9	 0.9734
2389.1	 1.0965
2389.5	 1.0551
2390.0	 1.0486
2391.0	 1.0447
2392.0	 1.0428
2394.0	 1.0403
2395.0	 1.0390
2396.0	 1.0369
2396.5	 1.0320
2396.8	 0.9993
2397.0	 1.0838
2397.0	 1.0838
2397.6	 1.1256
2397.8	 0.9660
2398.0	 1.0103
2398.5	 1.0227
2399.0	 1.0221
2399.5	 1.0151
2400.0	 0.9723
2400.1	 0.9157
2400.3	 1.1397
2400.5	 1.0560
2401.0	 1.0754
2402.0	 1.0457
2402.5	 1.0393
2402.7	 1.0246
2402.9	 1.0662
2403.3	 1.0659
2403.5	 1.0245
2404.0	 1.0384
2404.5	 1.0386
2405.0	 1.0382
2407.0	 1.0362
2408.0	 1.0353
2410.0	 1.0335
2412.0	 1.0316
2413.0	 1.0306
2414.0	 1.0295
2415.0	 1.0282
2416.0	 1.0267
2417.0	 1.0250
2418.0	 1.0229
2419.0	 1.0202
2420.0	 1.0168
2420.2	 1.0159
2420.4	 1.0150
2420.8	 1.0130
2423.0	 0.9902
2424.0	 0.9550
2424.5	 0.8974
2424.7	 0.7978
2424.9	 0.9186
2425.3	 0.5373
2425.5	 1.6915
2425.7	 1.3590
2426.0	 1.2079
2426.2	 1.1753
2426.4	 1.1248
2426.8	 1.1057
2428.0	 1.0734
2429.0	 1.0634
2429.8	 1.0646
2430.1	 1.0950
2430.3	 1.0127
2430.7	 1.0415
2431.0	 1.0432
2434.0	 1.0370
2435.0	 1.0338
2436.0	 1.0290
2437.0	 1.0139
2437.5	 0.9029
2437.7	 1.1497
2438.0	 1.0645
2440.0	 1.0351
2441.0	 1.0316
2443.0	 1.0257
2444.0	 1.0227
2445.0	 1.0193
2446.0	 1.0177
2446.3	 1.0312
2446.5	 0.9890
2446.7	 0.9999
2447.0	 0.9988
2447.6	 0.9449
2447.8	 1.0474
2448.0	 1.0129
2448.6	 0.8976
2448.8	 1.0842
2449.0	 1.0404
2449.5	 1.0178
2450.0	 1.0093
2452.0	 0.9833
2454.0	 0.9336
2454.5	 0.9086
2455.0	 0.8703
2456.0	 0.6726
2456.6	 0.7606
2456.8	 1.5403
2457.0	 1.6777
2457.5	 1.4430
2457.7	 1.2888
2458.0	 1.2574
2458.5	 1.2000
2459.0	 1.1639
2460.0	 1.1202
2462.0	 1.0402
2462.3	 0.9270
2462.5	 1.1645
2463.0	 0.8729
2463.2	 1.3203
2463.5	 1.1440
2464.0	 1.0993
2465.0	 1.0495
2465.5	 0.9844
2465.9	 0.6525
2466.1	 1.0904
2466.5	 1.1657
2467.0	 1.1324
2468.0	 1.1097
2469.0	 1.1136
2469.3	 1.1794
2469.5	 1.0142
2470.0	 1.0719
2471.0	 1.0751
2473.0	 1.0702
2474.0	 1.0674
2475.0	 1.0641
2476.0	 1.0597
2476.5	 1.0561
2477.0	 1.0481
2477.5	 0.9713
2477.7	 1.1444
2478.0	 1.0819
2480.0	 1.0550
2481.5	 1.0150
2481.8	 0.9394
2482.1	 1.2567
2482.5	 1.1076
2483.0	 1.0837
2484.0	 1.0689
2484.5	 1.0626
2484.9	 1.0330
2485.1	 1.0961
2485.5	 1.0712
2486.0	 1.0665
2487.0	 1.0621
2488.0	 1.0591
2489.0	 1.0567
2490.0	 1.0587
2490.2	 1.0722
2490.4	 1.0301
2490.6	 1.0426
2491.0	 1.0447
2494.0	 1.0171
2494.8	 0.9927
2495.0	 0.9497
2495.3	 0.9029
2495.7	 0.5482
2495.9	 1.6372
2496.2	 1.2448
2496.7	 1.1374
2497.0	 1.1145
2498.0	 1.0745
2498.5	 1.0414
2498.7	 0.9608
2498.9	 1.1944
2499.5	 1.0840
2500.0	 1.0632
2500.3	 1.0037
2500.5	 1.1269
2501.0	 1.0765
2502.0	 1.0530
2503.0	 0.9855
2503.4	 0.6750
2503.6	 1.5034
2504.0	 1.1738
2504.5	 1.1249
2505.0	 1.1080
2506.0	 1.0937
