4	31	355																												
30	35	40	45	50	55	60	65	70	75	80	85	90	95	100	105	110	115	120	125	130	135	140	145	150	155	160	165	170	175	180
1750 1769 1819 1857 1870 1920 1970 2050 2100 2150 2200 2250 2300 2400 2450 2460 2465 2470 2475 2480 2481 2482 2483 2484 2485 2486 2487 2488 2489 2490 2491 2495 2500 2505 2510 2520 2530 2550 2600 2650 2700 2750 2830 2870 2915 2965 2981 2988 2994 3000 3004 3008 3012 3016 3020 3024 3026 3028 3030 3032 3033 3034 3035 3036 3037 3038 3039 3040 3041 3042 3043 3044 3045 3046 3048 3052 3056 3060 3066 3072 3078 3100 3150 3200 3250 3300 3310 3320 3330 3340 3350 3355 3360 3365 3366 3367 3368 3369 3370 3371 3372 3373 3374 3375 3376 3377 3380 3385 3390 3400 3410 3430 3440 3470 3500 3530 3560 3600 3630 3660 3700 3730 3760 3800 3820 3840 3850 3860 3870 3875 3880 3881 3882 3883 3884 3885 3886 3887 3888 3889 3900 3905 3910 3920 3940 3970 4040 4100 4130 4160 4190 4220 4250 4280 4310 4340 4370 4400 4430 4470 4500 4530 4560 4590 4620 4650 4680 4700 4730 4760 4790 4820 4850 4880 4910 4940 4950 4960 4970 4980 4985 4988 4990 4992 4993 4994 4995 4996 4997 4998 4999 5000 5001 5003 5004 5005 5007 5010 5015 5020 5030 5040 5050 5060 5070 5080 5090 5100 5110 5120 5125 5130 5135 5140 5145 5150 5155 5160 5161 5162 5163 5165 5170 5175 5180 5185 5190 5200 5240 5280 5320 5360 5370 5380 5390 5391 5392 5393 5394 5395 5396 5397 5398 5399 5400 5405 5410 5420 5425 5430 5435 5440 5445 5450 5455 5460 5465 5470 5475 5480 5481 5482 5483 5484 5485 5486 5487 5488 5489 5490 5495 5500 5505 5510 5520 5530 5540 5560 5570 5580 5590 5600 5610 5650 5700 5750 5800 5850 5880 5900 5910 5920 5930 5940 5945 5947 5950 5951 5952 5953 5954 5955 5956 5957 5958 5959 5960 5965 5970 5980 5990 6000 6030 6040 6050 6100 6150 6200 6250 6300 6330 6350 6370 6390 6410 6430 6440 6450 6470 6490 6500 6510 6520 6530 6540 6550 6570 6580 6585 6590 6595 6600 6610 6630 6650 6670 6690 6710 6730 6750 6780 6800 6830 6860 6890																														
1	1	1	1	1	1	1	1	1	1	1	1	1	1	1	1	1	1	1	1	1	1	1	1	1	1	1	1	1	1	1
1.0014	1.0011	0.9996	0.9982	0.998	0.9987	0.9998	1.0006	1.0009	1.0006	0.9998	0.9987	0.9977	0.9969	0.9964	0.9963	0.9966	0.9971	0.998	0.999	1	1.0012	1.0023	1.0033	1.0043	1.0051	1.0058	1.0064	1.0068	1.007	1.0071
1.0012	1.0005	0.9991	0.9983	0.9984	0.9993	1.0004	1.001	1.0012	1.0007	1	0.9991	0.9984	0.9978	0.9976	0.9977	0.9981	0.9988	0.9996	1.0005	1.0015	1.0025	1.0034	1.0043	1.0051	1.0058	1.0064	1.0068	1.0071	1.0073	1.0074
1.0011	1.0003	0.9989	0.9983	0.9986	0.9996	1.0007	1.0013	1.0014	1.0009	1.0001	0.9993	0.9985	0.9981	0.9979	0.998	0.9984	0.999	0.9998	1.0007	1.0016	1.0025	1.0034	1.0042	1.005	1.0056	1.0061	1.0066	1.0069	1.007	1.0071
1.0011	1.0002	0.9989	0.9982	0.9986	0.9997	1.0007	1.0014	1.0014	1.001	1.0002	0.9993	0.9986	0.9981	0.9979	0.998	0.9984	0.999	0.9998	1.0006	1.0016	1.0025	1.0034	1.0042	1.0049	1.0055	1.0061	1.0065	1.0068	1.007	1.007
1.0011	1	0.9986	0.9981	0.9987	0.9999	1.0011	1.0018	1.0018	1.0013	1.0004	0.9994	0.9986	0.998	0.9978	0.9978	0.9982	0.9988	0.9995	1.0004	1.0013	1.0022	1.0031	1.0039	1.0047	1.0053	1.0058	1.0062	1.0065	1.0067	1.0068
1.0012	0.9997	0.9982	0.9979	0.9987	1.0002	1.0016	1.0023	1.0023	1.0017	1.0007	0.9995	0.9985	0.9978	0.9974	0.9974	0.9977	0.9983	0.999	0.9999	1.0008	1.0018	1.0027	1.0035	1.0043	1.005	1.0055	1.006	1.0063	1.0065	1.0065
1.0012	0.9992	0.9974	0.9973	0.9988	1.0009	1.0027	1.0037	1.0036	1.0027	1.0012	0.9997	0.9982	0.9971	0.9964	0.9962	0.9963	0.9968	0.9975	0.9984	0.9994	1.0004	1.0014	1.0024	1.0033	1.004	1.0046	1.0051	1.0055	1.0057	1.0058
1.0012	0.9987	0.9968	0.9969	0.9989	1.0016	1.0038	1.0049	1.0047	1.0036	1.0018	0.9998	0.9979	0.9964	0.9954	0.9949	0.9949	0.9952	0.9959	0.9968	0.9979	0.9989	1	1.0011	1.002	1.0028	1.0035	1.0041	1.0045	1.0047	1.0048
1.0011	0.998	0.9959	0.9964	0.9991	1.0025	1.0052	1.0065	1.0063	1.0048	1.0025	1	0.9975	0.9955	0.994	0.9931	0.9928	0.993	0.9935	0.9944	0.9955	0.9966	0.9978	0.9989	0.9999	1.0008	1.0016	1.0022	1.0027	1.003	1.0031
1.001	0.997	0.9947	0.9958	0.9995	1.0039	1.0073	1.0089	1.0086	1.0066	1.0036	1.0002	0.9969	0.9941	0.9919	0.9904	0.9897	0.9895	0.9899	0.9907	0.9917	0.9928	0.9941	0.9953	0.9964	0.9974	0.9983	0.999	0.9995	0.9998	0.9999
1.0006	0.9956	0.9931	0.9951	1.0002	1.006	1.0105	1.0125	1.0119	1.0093	1.0052	1.0006	0.996	0.9919	0.9887	0.9863	0.9848	0.9841	0.9841	0.9847	0.9856	0.9867	0.988	0.9892	0.9905	0.9916	0.9925	0.9933	0.9939	0.9942	0.9944
1	0.9934	0.9908	0.9942	1.0015	1.0095	1.0155	1.0182	1.0173	1.0135	1.0078	1.0012	0.9945	0.9885	0.9835	0.9796	0.9769	0.9752	0.9745	0.9745	0.9751	0.9761	0.9772	0.9785	0.9798	0.981	0.9821	0.9829	0.9836	0.9839	0.9841
0.995	0.9816	0.9801	0.9921	1.0117	1.0312	1.0448	1.0498	1.0463	1.0357	1.0203	1.0025	0.9843	0.9671	0.9519	0.939	0.9288	0.9211	0.9157	0.9121	0.91	0.9092	0.9092	0.9098	0.9107	0.9117	0.9128	0.9137	0.9144	0.9149	0.9151
0.9784	0.954	0.962	0.9998	1.0499	1.0941	1.1204	1.1244	1.1077	1.0749	1.0321	0.9848	0.9374	0.8933	0.8545	0.8218	0.7955	0.7752	0.7603	0.75	0.7434	0.7397	0.7382	0.7382	0.7392	0.7407	0.7423	0.7438	0.7451	0.7459	0.7462
0.9662	0.939	0.9571	1.0127	1.0804	1.1362	1.1652	1.1635	1.1343	1.0848	1.0235	0.9579	0.8937	0.8352	0.7846	0.7429	0.7101	0.6855	0.6682	0.6569	0.6504	0.6477	0.6476	0.6492	0.652	0.6552	0.6584	0.6612	0.6634	0.6647	0.6652
0.9559	0.9286	0.9567	1.0268	1.1074	1.1699	1.1983	1.1893	1.1481	1.0843	1.008	0.9283	0.852	0.7837	0.7258	0.6791	0.6433	0.6176	0.6004	0.5903	0.5857	0.5852	0.5876	0.5918	0.597	0.6024	0.6075	0.6119	0.6152	0.6173	0.618
0.9405	0.9168	0.9618	1.0531	1.1495	1.2175	1.2404	1.2168	1.1556	1.0697	0.9721	0.8737	0.7825	0.7033	0.6385	0.5884	0.5522	0.5283	0.5147	0.5094	0.5103	0.5156	0.5238	0.5336	0.5439	0.5538	0.5627	0.5701	0.5756	0.579	0.5802
0.9181	0.9077	0.9824	1.1028	1.215	1.2806	1.2847	1.2316	1.1364	1.0172	0.8909	0.7705	0.6647	0.5781	0.5123	0.4664	0.4386	0.4259	0.4254	0.434	0.4492	0.4685	0.4899	0.5118	0.5328	0.5521	0.5688	0.5822	0.5921	0.5982	0.6002
0.8929	0.918	1.0385	1.1878	1.2991	1.3355	1.2919	1.1845	1.0385	0.879	0.7263	0.5942	0.4902	0.4167	0.3728	0.3552	0.3594	0.3808	0.4147	0.457	0.5041	0.553	0.6013	0.6471	0.689	0.7259	0.7569	0.7815	0.7994	0.8102	0.8138
0.8894	0.9252	1.0555	1.2077	1.3136	1.3386	1.2809	1.1601	1.0036	0.8377	0.6831	0.553	0.4544	0.3888	0.3544	0.3471	0.3622	0.3942	0.4385	0.4904	0.5464	0.6033	0.6587	0.7107	0.7579	0.7991	0.8337	0.8611	0.8809	0.8928	0.8968
0.8873	0.9346	1.074	1.227	1.3252	1.3366	1.2638	1.1296	0.9635	0.793	0.6386	0.5129	0.422	0.3664	0.3435	0.3484	0.3756	0.4195	0.4749	0.5372	0.6025	0.6678	0.7305	0.7889	0.8414	0.8871	0.9253	0.9554	0.9772	0.9903	0.9947
0.8868	0.9463	1.0934	1.2448	1.3326	1.3287	1.2401	1.0931	0.9192	0.7463	0.5946	0.476	0.3953	0.3519	0.3422	0.3607	0.4012	0.4577	0.5248	0.5977	0.6725	0.7461	0.8161	0.8806	0.9384	0.9885	1.0301	1.0628	1.0864	1.1006	1.1053
0.8883	0.9599	1.1129	1.2599	1.3348	1.3144	1.2102	1.0517	0.8722	0.6997	0.5537	0.4448	0.3765	0.3472	0.3522	0.3852	0.4395	0.5089	0.5876	0.6709	0.7549	0.8364	0.9132	0.9835	1.046	1.1	1.1447	1.1797	1.2049	1.2201	1.2251
0.8919	0.975	1.1314	1.2711	1.3312	1.2937	1.1748	1.007	0.8247	0.6557	0.5181	0.4214	0.3675	0.3536	0.374	0.4218	0.4899	0.5718	0.6615	0.7544	0.8467	0.9353	1.018	1.0932	1.1598	1.217	1.2642	1.3011	1.3276	1.3436	1.3489
0.8976	0.9909	1.148	1.2778	1.3217	1.2673	1.1355	0.9612	0.7792	0.6166	0.4901	0.4074	0.3692	0.3713	0.4072	0.4694	0.5505	0.6437	0.7433	0.8445	0.9437	1.038	1.1255	1.2045	1.2741	1.3337	1.3827	1.421	1.4484	1.4649	1.4704
0.9049	1.0066	1.1618	1.2796	1.3067	1.2367	1.0944	0.9166	0.738	0.5845	0.4711	0.4037	0.3816	0.3995	0.4501	0.5255	0.618	0.7209	0.8286	0.9364	1.0409	1.1394	1.2301	1.3116	1.3831	1.444	1.4941	1.5331	1.5609	1.5777	1.5833
0.9136	1.0216	1.1722	1.2766	1.2872	1.2034	1.0535	0.8753	0.703	0.5606	0.4615	0.41	0.4036	0.4362	0.5001	0.5868	0.6888	0.7994	0.9131	1.0255	1.1334	1.2344	1.3268	1.4094	1.4816	1.5429	1.5932	1.6322	1.6601	1.6769	1.6824
0.923	1.0351	1.1791	1.2693	1.2646	1.1694	1.0148	0.839	0.6751	0.5453	0.4611	0.4249	0.4332	0.479	0.5541	0.6501	0.7594	0.8754	0.993	1.108	1.2174	1.3192	1.4118	1.4942	1.566	1.6268	1.6765	1.715	1.7425	1.759	1.7645
0.9327	1.0467	1.1825	1.2588	1.2403	1.1363	0.9797	0.8087	0.6548	0.5382	0.4685	0.4467	0.468	0.5251	0.6093	0.7122	0.8265	0.9457	1.0651	1.1809	1.2902	1.3913	1.4827	1.5639	1.6343	1.6938	1.7423	1.7799	1.8067	1.8227	1.828
0.9422	1.0563	1.183	1.2459	1.2156	1.1052	0.9491	0.7846	0.6416	0.5382	0.4823	0.4733	0.5059	0.5721	0.6631	0.7708	0.8879	1.0085	1.128	1.2428	1.3507	1.4498	1.5391	1.6181	1.6864	1.744	1.7909	1.8271	1.8529	1.8683	1.8735
0.9733	1.0762	1.1663	1.1874	1.1287	1.0121	0.8723	0.7411	0.6407	0.5823	0.5681	0.5943	0.6536	0.7377	0.8384	0.9487	1.0626	1.1755	1.2842	1.3863	1.4803	1.5654	1.641	1.7072	1.7638	1.8112	1.8495	1.879	1.8999	1.9123	1.9165
0.995	1.0771	1.1337	1.1281	1.0613	0.9573	0.8457	0.7511	0.6884	0.6632	0.6745	0.7169	0.7834	0.8664	0.9593	1.0565	1.1538	1.2478	1.3364	1.4183	1.4926	1.559	1.6175	1.6681	1.7112	1.7469	1.7757	1.7977	1.8133	1.8226	1.8257
1.0049	1.0698	1.1065	1.0901	1.0265	0.9379	0.8493	0.7793	0.7385	0.7296	0.7504	0.7955	0.8585	0.9331	1.0139	1.0965	1.1777	1.2551	1.3273	1.3933	1.4527	1.5055	1.5516	1.5914	1.625	1.6529	1.6752	1.6923	1.7043	1.7115	1.7139
1.0094	1.0618	1.0866	1.0662	1.0083	0.9329	0.8607	0.8068	0.7787	0.7779	0.8016	0.8449	0.9021	0.968	1.0379	1.1086	1.1773	1.2423	1.3025	1.3573	1.4064	1.4498	1.4876	1.5201	1.5476	1.5703	1.5884	1.6023	1.6121	1.6179	1.6198
1.0123	1.0488	1.0612	1.0398	0.9927	0.9357	0.8842	0.8484	0.8332	0.8386	0.862	0.8991	0.9457	0.9978	1.0522	1.1064	1.1585	1.2076	1.2527	1.2937	1.3303	1.3626	1.3907	1.4148	1.4351	1.4519	1.4654	1.4757	1.4829	1.4872	1.4886
1.0126	1.0398	1.0465	1.0265	0.9873	0.9419	0.9022	0.876	0.8665	0.8736	0.8946	0.9263	0.9651	1.008	1.0523	1.0963	1.1386	1.1783	1.2148	1.248	1.2778	1.304	1.3269	1.3467	1.3633	1.3771	1.3882	1.3966	1.4026	1.4061	1.4073
1.0117	1.0289	1.0306	1.0138	0.9847	0.9525	0.9254	0.9085	0.9038	0.9108	0.9276	0.9517	0.9808	1.0125	1.0453	1.0778	1.1092	1.1389	1.1664	1.1917	1.2144	1.2348	1.2527	1.2682	1.2814	1.2924	1.3013	1.3081	1.3129	1.3158	1.3168
1.0095	1.017	1.0152	1.0034	0.9855	0.9666	0.9512	0.942	0.9402	0.9452	0.956	0.9711	0.9893	1.0092	1.0302	1.0515	1.0725	1.0931	1.1128	1.1313	1.1487	1.1646	1.179	1.1918	1.2029	1.2124	1.2201	1.2262	1.2305	1.2331	1.2339
1.0083	1.0118	1.0089	0.9997	0.9865	0.9728	0.9617	0.9552	0.9539	0.9576	0.9654	0.9764	0.9898	1.0048	1.0209	1.0379	1.0552	1.0728	1.0903	1.1073	1.1238	1.1393	1.1537	1.1669	1.1785	1.1885	1.1969	1.2034	1.2081	1.211	1.2119
1.0074	1.0086	1.0054	0.9977	0.9871	0.9761	0.9671	0.9617	0.9606	0.9634	0.9695	0.978	0.9885	1.0006	1.014	1.0286	1.0442	1.0606	1.0777	1.0949	1.1121	1.1288	1.1446	1.1593	1.1726	1.1842	1.1939	1.2016	1.2072	1.2106	1.2118
1.0068	1.0063	1.003	0.9964	0.9873	0.9776	0.9697	0.965	0.964	0.9664	0.9713	0.9781	0.9865	0.9963	1.0076	1.0206	1.0352	1.0514	1.0689	1.0873	1.1063	1.1253	1.1437	1.1611	1.1771	1.1913	1.2033	1.2129	1.2199	1.2242	1.2256
1.0056	1.0036	1.0008	0.9952	0.9865	0.977	0.9694	0.9655	0.9653	0.9679	0.9721	0.9769	0.9821	0.9883	0.9961	1.0064	1.0197	1.0363	1.0561	1.0786	1.1031	1.1289	1.155	1.1804	1.2044	1.226	1.2447	1.2598	1.2709	1.2777	1.28
1.0049	1.0026	1.0004	0.9948	0.9853	0.9746	0.9665	0.963	0.964	0.9676	0.9721	0.9761	0.9795	0.9831	0.9884	0.9966	1.0089	1.0259	1.0477	1.0737	1.1032	1.1349	1.1678	1.2005	1.2316	1.2601	1.2849	1.3052	1.3201	1.3293	1.3324
1.0037	1.002	1.0011	0.9947	0.9821	0.9681	0.9585	0.9561	0.9598	0.9665	0.9725	0.9758	0.9763	0.9756	0.976	0.9802	0.9903	1.0077	1.0328	1.0652	1.1039	1.1472	1.1932	1.24	1.2855	1.3277	1.3649	1.3954	1.4182	1.4322	1.4369
1.0014	1.0032	1.0054	0.9947	0.9715	0.9471	0.9333	0.9346	0.9474	0.9637	0.9758	0.979	0.9732	0.9617	0.9497	0.943	0.9465	0.9635	0.9958	1.0435	1.105	1.1778	1.2587	1.3436	1.4283	1.5086	1.5806	1.6406	1.6857	1.7137	1.7232
1	1.0048	1.0089	0.9945	0.9632	0.9313	0.9147	0.919	0.9386	0.9622	0.9788	0.9824	0.9725	0.9539	0.9335	0.9192	0.9178	0.934	0.9707	1.0283	1.1053	1.1989	1.3046	1.4172	1.531	1.64	1.7385	1.8212	1.8836	1.9224	1.9356
0.9992	1.006	1.0112	0.9942	0.9576	0.9209	0.9027	0.9091	0.9331	0.9613	0.9808	0.9846	0.9723	0.9491	0.9235	0.9044	0.8998	0.9155	0.9547	1.0186	1.1055	1.2124	1.3344	1.4653	1.5985	1.7268	1.8431	1.9412	2.0154	2.0617	2.0774
0.9983	1.0074	1.0138	0.9937	0.9512	0.9092	0.8893	0.8981	0.9271	0.9604	0.9831	0.9871	0.972	0.944	0.9126	0.8883	0.8802	0.8951	0.9372	1.0078	1.1058	1.2276	1.3679	1.5197	1.6751	1.8255	1.9626	2.0785	2.1665	2.2214	2.2401
0.9972	1.0093	1.017	0.9928	0.9424	0.8938	0.8719	0.8839	0.9194	0.9593	0.986	0.9902	0.9715	0.9372	0.8985	0.8675	0.8548	0.8687	0.9143	0.9938	1.1061	1.2478	1.4127	1.5927	1.7784	1.9593	2.125	2.2656	2.3726	2.4396	2.4624
0.9962	1.011	1.0197	0.9918	0.9347	0.8804	0.8569	0.8719	0.913	0.9584	0.9885	0.9927	0.971	0.9314	0.8866	0.8498	0.8333	0.8463	0.8948	0.9817	1.1065	1.2654	1.4519	1.657	1.8697	2.0779	2.2694	2.4323	2.5567	2.6347	2.6612
0.9951	1.0131	1.023	0.9902	0.9246	0.8634	0.8382	0.8571	0.9051	0.9573	0.9914	0.9956	0.97	0.924	0.8716	0.8279	0.8066	0.8183	0.8704	0.9666	1.107	1.2879	1.5023	1.7399	1.988	2.2322	2.4577	2.6503	2.7977	2.8902	2.9218
0.9936	1.0159	1.0269	0.9877	0.9112	0.8413	0.8143	0.8384	0.8954	0.9561	0.9949	0.9988	0.9682	0.914	0.8522	0.7998	0.7724	0.7824	0.8389	0.947	1.1077	1.3177	1.5693	1.8507	2.1467	2.44	2.7123	2.9458	3.1249	3.2376	3.276
0.9916	1.0196	1.0318	0.9834	0.8924	0.8115	0.7828	0.8142	0.8831	0.9546	0.9991	1.0021	0.9648	0.9001	0.8262	0.7626	0.7273	0.7349	0.797	0.9207	1.1089	1.3588	1.6621	2.0052	2.3694	2.733	3.0726	3.3651	3.5904	3.7323	3.7808
0.9888	1.0248	1.0377	0.9758	0.8647	0.7695	0.7398	0.7822	0.8673	0.9527	1.0038	1.0047	0.9579	0.879	0.7894	0.7112	0.6652	0.6693	0.7386	0.8839	1.1108	1.4184	1.7981	2.2333	2.7007	3.1714	3.6142	3.9978	4.2944	4.4818	4.5458
0.9846	1.0322	1.0442	0.9609	0.8206	0.7071	0.6788	0.739	0.8473	0.9506	1.0083	1.0038	0.9426	0.8443	0.7336	0.6359	0.5752	0.5738	0.6525	0.8288	1.1142	1.5116	2.0126	2.5972	3.2338	3.8824	4.4979	5.0347	5.4517	5.7161	5.8066
0.9816	1.0371	1.0471	0.9478	0.7879	0.6636	0.6385	0.712	0.8359	0.9497	1.0095	0.9996	0.9282	0.8174	0.6938	0.5841	0.5139	0.5084	0.5929	0.7901	1.1169	1.5797	2.1714	2.8691	3.6357	4.4219	5.1719	5.8287	6.3404	6.6653	6.7767
0.9778	1.043	1.0488	0.9278	0.7434	0.6078	0.5897	0.6818	0.8246	0.949	1.0085	0.9896	0.9047	0.7792	0.6415	0.5185	0.4371	0.4261	0.5167	0.7399	1.1205	1.6712	2.3866	3.2413	4.1898	5.1702	6.111	6.9387	7.5854	7.997	8.1382
0.9726	1.0499	1.0469	0.8954	0.6809	0.5358	0.532	0.6506	0.8162	0.9493	1.0025	0.9678	0.8646	0.7228	0.5709	0.4346	0.3406	0.3219	0.4185	0.6738	1.1258	1.7974	2.6879	3.7682	4.9813	6.2468	7.4695	8.5507	9.3985	9.9392	10.1249
0.9657	1.0571	1.036	0.8407	0.591	0.4443	0.4702	0.628	0.8188	0.9521	0.9846	0.9211	0.7932	0.6357	0.4746	0.3295	0.2236	0.1939	0.2936	0.5866	1.1331	1.9747	3.1196	4.5355	6.1482	7.8485	9.5046	10.9774	12.1371	12.8787	13.1337
0.9614	1.06	1.0234	0.7995	0.5323	0.3924	0.4436	0.6277	0.8301	0.9555	0.9669	0.8805	0.7373	0.5747	0.4151	0.271	0.1612	0.1243	0.2226	0.5347	1.1378	2.0878	3.4009	5.0432	6.9294	8.9303	10.888	12.6346	14.013	14.8956	15.1994
0.9567	1.0613	1.0025	0.7451	0.4633	0.3405	0.4283	0.644	0.8544	0.9613	0.9392	0.8213	0.6611	0.4985	0.3488	0.2136	0.1038	0.0585	0.1511	0.4794	1.143	2.2174	3.7302	5.6467	7.8683	10.241	12.5737	14.6623	16.3145	17.3741	17.7391
0.9519	1.0593	0.969	0.6741	0.3861	0.2973	0.437	0.6893	0.8996	0.9709	0.8971	0.7363	0.5586	0.4055	0.2805	0.1678	0.0653	0.0108	0.0905	0.4267	1.1484	2.3573	4.097	6.334	8.9542	11.7735	14.5602	17.0647	19.0512	20.3272	20.767
0.9478	1.0514	0.9182	0.5861	0.309	0.2797	0.4902	0.7812	0.9757	0.9855	0.8357	0.619	0.4265	0.2994	0.2223	0.1537	0.071	0.0074	0.0631	0.3896	1.1528	2.488	4.4607	7.0415	10.1002	13.4187	16.718	19.6956	22.064	23.5881	24.1139
0.9463	1.0344	0.8476	0.4878	0.2511	0.3141	0.6136	0.9377	1.0909	1.0061	0.7535	0.4701	0.2714	0.1945	0.1971	0.2019	0.1577	0.0875	0.1042	0.3907	1.1541	2.5693	4.7292	7.6127	11.0766	14.8696	18.6654	22.1065	24.8521	26.6222	27.2334
0.9493	1.0064	0.7627	0.3994	0.2425	0.4284	0.8227	1.1609	1.2408	1.0313	0.6586	0.3089	0.1205	0.1212	0.2353	0.3433	0.3586	0.288	0.251	0.4568	1.1498	2.5431	4.7588	7.7896	11.4876	15.5795	19.7041	23.462	26.4703	28.4138	29.0857
0.9581	0.9709	0.6824	0.3518	0.3081	0.6246	1.0941	1.4149	1.3968	1.0556	0.5735	0.1778	0.0204	0.1154	0.3542	0.5777	0.6655	0.6036	0.5075	0.5973	1.1381	2.368	4.4322	7.3406	10.9545	15.0012	19.1133	22.8805	25.9073	27.8672	28.5455
0.971	0.9366	0.63	0.3647	0.4405	0.8598	1.3607	1.6325	1.5155	1.0721	0.5238	0.1182	0.0069	0.1887	0.532	0.8527	1.0071	0.962	0.8174	0.7834	1.1212	2.0712	3.7884	6.2991	9.4869	13.1058	16.8166	20.2371	22.9965	24.7876	25.4081
0.9843	0.9118	0.6153	0.4276	0.5991	1.0709	1.5567	1.7639	1.572	1.0777	0.5176	0.1365	0.0731	0.3135	0.7174	1.0947	1.2943	1.2687	1.097	0.9633	1.1036	1.7406	3.0245	4.9933	7.5592	10.5189	13.5851	16.4308	18.7367	20.2375	20.7582
0.995	0.8989	0.6298	0.5125	0.7432	1.2219	1.6634	1.8084	1.5736	1.0745	0.5431	0.2052	0.181	0.4482	0.8696	1.2638	1.484	1.476	1.2977	1.1015	1.089	1.4544	2.3343	3.7727	5.7085	7.9837	10.3687	12.5993	14.4158	15.6017	16.0136
1.0025	0.8949	0.6591	0.5962	0.8548	1.3123	1.6997	1.7943	1.5426	1.0667	0.5829	0.2921	0.2954	0.5661	0.9767	1.3614	1.5846	1.5899	1.4182	1.1919	1.0783	1.242	1.8026	2.8059	4.2122	5.9024	7.6987	9.3933	10.781	11.6899	12.0061
1.0072	0.8964	0.6923	0.6681	0.9341	1.3583	1.6936	1.7509	1.4985	1.0576	0.6251	0.3771	0.398	0.6592	1.0453	1.4077	1.6238	1.6385	1.4794	1.2445	1.071	1.0972	1.4267	2.104	3.1052	4.3419	5.6773	6.9498	7.9984	8.6877	8.928
1.0099	0.9004	0.7241	0.7261	0.9882	1.3763	1.6661	1.6968	1.4522	1.0487	0.6641	0.452	0.4833	0.7294	1.0863	1.4221	1.6266	1.6477	1.5031	1.2715	1.0661	1.0031	1.1719	1.6149	2.3192	3.2193	4.2099	5.1648	5.9572	6.4803	6.6629
1.0114	0.9054	0.7523	0.7718	1.0244	1.3781	1.6299	1.6421	1.4089	1.0409	0.6979	0.515	0.5521	0.7813	1.1093	1.4184	1.6101	1.6353	1.505	1.2827	1.0628	0.9435	1.0026	1.2799	1.7699	2.4241	3.1607	3.8803	4.4825	4.8818	5.0216
1.0121	0.9154	0.7972	0.8359	1.0644	1.36	1.5548	1.5448	1.3369	1.0284	0.7506	0.6101	0.651	0.8481	1.1251	1.3874	1.5547	1.5841	1.4785	1.2808	1.0585	0.8844	0.8185	0.8954	1.1183	1.4604	1.8711	2.2867	2.6416	2.8797	2.9635
1.0105	0.9307	0.853	0.9035	1.0887	1.3068	1.4357	1.4093	1.243	1.0133	0.815	0.7207	0.7581	0.9068	1.1127	1.3094	1.44	1.4713	1.3994	1.2466	1.0524	0.8614	0.7133	0.6343	0.6339	0.7044	0.8247	0.9651	1.0941	1.184	1.2162
1.0078	0.9401	0.8841	0.9358	1.0911	1.264	1.3587	1.3282	1.1898	1.006	0.8507	0.7785	0.8091	0.926	1.0877	1.2438	1.3504	1.3808	1.3291	1.2084	1.0447	0.8691	0.7101	0.5889	0.5158	0.4905	0.5034	0.5393	0.5811	0.6133	0.6253
1.0049	0.9454	0.903	0.9542	1.0897	1.2345	1.3094	1.2784	1.1586	1.0032	0.8729	0.812	0.8355	0.93	1.0618	1.1904	1.2803	1.309	1.27	1.1718	1.0329	0.8765	0.7249	0.5954	0.4981	0.4357	0.404	0.3949	0.3983	0.4046	0.4076
0.9992	0.948	0.9197	0.9721	1.0908	1.2113	1.2698	1.2394	1.1365	1.0052	0.8944	0.8389	0.8507	0.9192	1.0187	1.118	1.1892	1.2141	1.1865	1.1108	0.9994	0.8688	0.7354	0.6127	0.5098	0.4307	0.3753	0.3401	0.3202	0.3106	0.3078
0.9873	0.9422	0.9293	0.9918	1.1092	1.2212	1.2723	1.2409	1.143	1.0177	0.9076	0.8429	0.8347	0.8753	0.9441	1.0162	1.0689	1.0867	1.0636	1.0021	0.9108	0.802	0.6882	0.5802	0.4858	0.4092	0.3512	0.3106	0.2847	0.2705	0.2661
0.9267	0.9271	0.9977	1.1374	1.2965	1.4075	1.4221	1.3308	1.1602	0.9564	0.7661	0.6223	0.539	0.5119	0.5244	0.5548	0.5827	0.5932	0.5787	0.5388	0.4783	0.4052	0.3281	0.2547	0.1905	0.1387	0.0997	0.0728	0.0558	0.0466	0.0438
1.017	0.9876	0.9646	0.9781	1.0209	1.062	1.0736	1.0468	0.9931	0.9357	0.8976	0.8939	0.9278	0.992	1.0726	1.1532	1.2192	1.2603	1.2714	1.2524	1.2074	1.1427	1.066	0.9846	0.9048	0.8317	0.7689	0.7186	0.6822	0.6601	0.6528
1.0089	0.9818	0.9682	0.9855	1.0226	1.0541	1.06	1.0354	0.9902	0.9418	0.9072	0.8974	0.9152	0.9563	1.0115	1.0702	1.1224	1.1607	1.181	1.182	1.1654	1.1345	1.0934	1.0466	0.9983	0.9522	0.911	0.8771	0.852	0.8365	0.8313
1.0069	0.9788	0.9683	0.9879	1.0238	1.0513	1.0528	1.0253	0.9787	0.9297	0.894	0.8815	0.8951	0.9311	0.982	1.0382	1.0912	1.1341	1.1629	1.176	1.1742	1.1596	1.1353	1.1049	1.0718	1.0389	1.0088	0.9836	0.9645	0.9528	0.9488
1.0063	0.9742	0.9655	0.9895	1.0281	1.0545	1.051	1.0162	0.9618	0.9057	0.8643	0.8481	0.8601	0.8966	0.9501	1.0114	1.0715	1.1237	1.1635	1.1891	1.2005	1.1994	1.1885	1.1708	1.1492	1.1265	1.1049	1.0864	1.0722	1.0633	1.0603
1.0071	0.9652	0.958	0.9913	1.0379	1.0642	1.0505	0.9979	0.923	0.8485	0.7941	0.7721	0.7855	0.8298	0.8962	0.9738	1.0527	1.125	1.1857	1.2322	1.2645	1.2838	1.2926	1.2934	1.2889	1.2814	1.273	1.265	1.2587	1.2546	1.2532
1.0075	0.9619	0.9551	0.9918	1.0414	1.0674	1.0497	0.9902	0.9076	0.8262	0.7674	0.7438	0.7585	0.8065	0.8782	0.9623	1.0481	1.1276	1.1955	1.2493	1.2888	1.3153	1.331	1.3387	1.3406	1.3391	1.3359	1.3322	1.3291	1.3269	1.3262
1.008	0.9574	0.9511	0.9924	1.0458	1.0714	1.0479	0.979	0.8859	0.7956	0.7312	0.706	0.7229	0.7761	0.8552	0.9477	1.0428	1.1317	1.209	1.2723	1.3214	1.3577	1.3832	1.4006	1.4119	1.4191	1.4236	1.4264	1.4281	1.429	1.4293
1.0083	0.9506	0.9454	0.9931	1.0517	1.076	1.0439	0.9613	0.8534	0.751	0.6794	0.6529	0.6737	0.7349	0.8244	0.9288	1.0363	1.1378	1.228	1.3046	1.3674	1.4181	1.4585	1.491	1.5174	1.5388	1.5561	1.5696	1.5794	1.5854	1.5874
1.0077	0.9392	0.9363	0.9941	1.0598	1.0808	1.034	0.9297	0.7996	0.6801	0.5998	0.5735	0.602	0.6762	0.7816	0.9031	1.028	1.1472	1.2557	1.3519	1.4363	1.5106	1.5767	1.6363	1.69	1.7379	1.7794	1.8135	1.839	1.8548	1.8601
1.0027	0.9166	0.9199	0.9956	1.071	1.0818	1.0057	0.8629	0.6969	0.5536	0.4654	0.4463	0.4931	0.5914	0.7226	0.869	1.0176	1.1607	1.2957	1.4232	1.5459	1.6661	1.7854	1.9036	2.0188	2.1276	2.2256	2.3082	2.3708	2.41	2.4233
0.9938	0.8949	0.9061	0.9967	1.0768	1.0744	0.9706	0.7958	0.6042	0.4483	0.3622	0.3567	0.4233	0.5425	0.6919	0.8526	1.0127	1.1673	1.3175	1.4674	1.622	1.7849	1.9569	2.1357	2.3162	2.4908	2.6507	2.7867	2.8906	2.9558	2.978
0.9706	0.8571	0.8857	0.9979	1.0778	1.046	0.895	0.6743	0.4548	0.2967	0.2319	0.2622	0.3675	0.5184	0.6869	0.8541	1.0128	1.166	1.3235	1.4977	1.6989	1.9331	2.1998	2.4923	2.7982	3.1012	3.3829	3.625	3.811	3.9282	3.9682
0.9055	0.7898	0.8602	0.9984	1.0523	0.9494	0.7174	0.4447	0.226	0.1228	0.1493	0.2795	0.4655	0.6582	0.8227	0.9462	1.0379	1.1237	1.2369	1.41	1.6673	2.0199	2.4644	2.9832	3.5474	4.1199	4.6607	5.1301	5.4931	5.7225	5.801
0.8828	0.7726	0.8565	0.9981	1.0388	0.913	0.6612	0.383	0.1775	0.1034	0.1669	0.3319	0.5415	0.741	0.8945	0.9925	1.0506	1.1025	1.1896	1.3511	1.6156	1.9962	2.4883	3.0709	3.7097	4.3615	4.9791	5.5163	5.9323	6.1954	6.2854
0.856	0.7553	0.8546	0.9975	1.0207	0.8687	0.5977	0.3189	0.1353	0.1005	0.2102	0.4161	0.6513	0.8551	0.9912	1.0542	1.0675	1.0743	1.1254	1.2678	1.535	1.9422	2.4835	3.1341	3.8537	4.5919	5.2936	5.9052	6.3796	6.6798	6.7825
0.8254	0.7395	0.8557	0.9965	0.9973	0.8166	0.5288	0.2571	0.1061	0.1221	0.2876	0.5401	0.8015	1.0056	1.116	1.1329	1.089	1.0383	1.042	1.1556	1.4186	1.8479	2.4366	3.1555	3.9579	4.7854	5.5748	6.2644	6.7998	7.139	7.2551
0.7924	0.7272	0.8608	0.9951	0.9686	0.7584	0.4588	0.2044	0.0986	0.1771	0.4066	0.7093	0.9956	1.1939	1.2693	1.2288	1.1152	0.9943	0.9388	1.0129	1.2619	1.705	2.3338	3.1149	3.9949	4.9076	5.7812	6.5461	7.1408	7.5178	7.6469
0.7595	0.721	0.871	0.9933	0.9355	0.6978	0.3948	0.1697	0.1215	0.2718	0.5702	0.9226	1.2291	1.4142	1.4456	1.3379	1.1449	0.9443	0.8194	0.8433	1.0665	1.5103	2.1651	2.9934	3.9358	4.9189	5.8632	6.6919	7.3371	7.7465	7.8867
0.7304	0.7234	0.8865	0.9911	0.9007	0.641	0.3455	0.162	0.1808	0.4072	0.7726	1.1689	1.4874	1.6511	1.6317	1.4519	1.1759	0.8918	0.6924	0.6579	0.8432	1.271	1.9307	2.7818	3.7602	4.7869	5.7767	6.6473	7.3263	7.7573	7.9051
0.7091	0.7355	0.9064	0.9888	0.8677	0.595	0.3192	0.1869	0.2762	0.5747	0.9976	1.4257	1.7453	1.8804	1.808	1.5586	1.2048	0.8425	0.5711	0.4752	0.6125	1.0064	1.6459	2.4885	3.4677	4.5017	5.5023	6.3845	7.0734	7.5113	7.6614
0.6984	0.7566	0.9289	0.9865	0.8403	0.5657	0.32	0.2436	0.3991	0.7576	1.2215	1.665	1.974	2.0762	1.9544	1.6457	1.2282	0.8021	0.4692	0.3157	0.3997	0.7447	1.3395	2.1414	3.0842	4.0861	5.0595	5.9198	6.5926	7.0206	7.1674
0.6988	0.7841	0.9514	0.9846	0.8212	0.5554	0.3467	0.3245	0.5352	0.9358	1.4207	1.8625	2.1508	2.2193	2.0568	1.705	1.244	0.7743	0.3965	0.1951	0.2264	0.5133	1.0448	1.7799	2.6546	3.5904	4.5033	5.3122	5.9458	6.3492	6.4876
0.7088	0.8142	0.9717	0.9831	0.811	0.5623	0.3928	0.4182	0.6694	1.0927	1.5792	2.0048	2.2658	2.3033	2.1116	1.7345	1.2517	0.7601	0.356	0.1195	0.1039	0.3305	0.7891	1.4412	2.2275	3.0746	3.9044	4.6416	5.22	5.5886	5.7151
0.7255	0.8439	0.9885	0.9822	0.8087	0.5821	0.4502	0.5138	0.7902	1.219	1.692	2.0914	2.3223	2.3336	2.1241	1.7382	1.2523	0.7577	0.3443	0.0859	0.0319	0.2017	0.5862	1.1502	1.8396	2.588	3.3243	3.9802	4.4957	4.8245	4.9374
0.7456	0.8708	1.0015	0.9817	0.8124	0.6099	0.5114	0.6034	0.8921	1.3133	1.7626	2.1305	2.3317	2.3223	2.1048	1.7226	1.2476	0.7642	0.3544	0.0856	0.0024	0.1225	0.4376	0.9164	1.5105	2.1604	2.8028	3.3765	3.8283	4.1167	4.2158
0.807	0.9293	1.0214	0.9818	0.8407	0.7041	0.6757	0.8069	1.0844	1.4454	1.8037	2.0767	2.2048	2.1616	1.9553	1.6228	1.2194	0.8083	0.4492	0.1907	0.0644	0.0832	0.2416	0.5182	0.88	1.2864	1.6941	2.0616	2.3526	2.539	2.6032
0.8768	0.9718	1.0242	0.9837	0.8902	0.8214	0.8403	0.968	1.1835	1.4379	1.6733	1.8389	1.9015	1.8497	1.6925	1.4551	1.1726	0.8832	0.6224	0.4184	0.2899	0.2445	0.2799	0.3846	0.541	0.7273	0.9202	1.0974	1.2392	1.3307	1.3622
0.9139	0.9852	1.0181	0.9855	0.9233	0.8881	0.9199	1.0276	1.1912	1.3741	1.5364	1.6448	1.6792	1.6339	1.5166	1.3447	1.1417	0.9323	0.7393	0.5809	0.4689	0.4087	0.3993	0.4343	0.5034	0.5938	0.6917	0.784	0.859	0.9077	0.9246
0.9478	0.9902	1.0065	0.9878	0.9592	0.9526	0.9867	1.0616	1.1627	1.2686	1.3578	1.4138	1.4273	1.3967	1.3267	1.2265	1.1082	0.984	0.8655	0.7618	0.6791	0.6208	0.587	0.5756	0.5823	0.6018	0.6283	0.6559	0.6796	0.6955	0.7011
0.9621	0.9889	0.9988	0.9891	0.9774	0.9824	1.0132	1.0676	1.1351	1.2025	1.2573	1.2904	1.2969	1.2764	1.2314	1.1674	1.0908	1.0088	0.928	0.8537	0.79	0.7394	0.7024	0.6786	0.6661	0.6625	0.6648	0.6702	0.6762	0.6806	0.6823
0.974	0.9848	0.9899	0.9909	0.9957	1.0102	1.0349	1.0664	1.0995	1.1291	1.1516	1.1644	1.1664	1.1572	1.1375	1.1086	1.0724	1.0312	0.9874	0.9435	0.9015	0.8631	0.8295	0.8012	0.7784	0.7607	0.7476	0.7385	0.7325	0.7293	0.7282
0.9768	0.9829	0.9871	0.9915	1.0011	1.018	1.0404	1.0649	1.0879	1.1069	1.1204	1.1279	1.1288	1.123	1.1105	1.0914	1.0665	1.0367	1.0035	0.9685	0.9333	0.8993	0.8679	0.8399	0.8158	0.7959	0.7801	0.7683	0.7601	0.7553	0.7537
0.9808	0.9784	0.9816	0.9931	1.0117	1.0327	1.0504	1.0614	1.0656	1.0649	1.0622	1.06	1.0593	1.0598	1.0601	1.0587	1.0539	1.0448	1.0309	1.0125	0.9904	0.966	0.9403	0.9149	0.8908	0.8691	0.8505	0.8355	0.8246	0.818	0.8157
0.9819	0.9748	0.9783	0.9946	1.0188	1.042	1.0566	1.0595	1.0525	1.0403	1.0283	1.0205	1.0186	1.0224	1.0298	1.0382	1.0446	1.0471	1.0442	1.0357	1.0218	1.0036	0.9824	0.9598	0.9372	0.9158	0.8969	0.8814	0.8698	0.8627	0.8603
0.9819	0.9717	0.9758	0.996	1.0244	1.0492	1.0616	1.0587	1.0437	1.0234	1.0046	0.9927	0.9898	0.9957	1.0077	1.0225	1.0365	1.0469	1.0517	1.0501	1.0421	1.0287	1.0112	0.9911	0.9701	0.9498	0.9313	0.9159	0.9043	0.8971	0.8947
0.9813	0.9688	0.9739	0.9976	1.0294	1.0556	1.066	1.0584	1.0371	1.0102	0.986	0.9707	0.9668	0.9741	0.9895	1.0092	1.029	1.0454	1.0562	1.06	1.0568	1.0474	1.033	1.0153	0.996	0.9768	0.959	0.944	0.9326	0.9255	0.9231
0.9799	0.9651	0.9718	0.9998	1.0358	1.0634	1.0718	1.0587	1.0301	0.9956	0.9652	0.9458	0.9406	0.9491	0.9681	0.993	1.019	1.0421	1.0595	1.0695	1.0718	1.067	1.0564	1.0416	1.0246	1.0069	0.9903	0.976	0.965	0.9582	0.9558
0.9785	0.9623	0.9704	1.0015	1.0405	1.0692	1.076	1.0591	1.0254	0.9858	0.951	0.9287	0.9225	0.9318	0.953	0.9813	1.0115	1.039	1.0608	1.075	1.081	1.0794	1.0715	1.0589	1.0436	1.0272	1.0115	0.9978	0.9873	0.9807	0.9784
0.977	0.9596	0.9692	1.0035	1.0453	1.0749	1.0802	1.0596	1.021	0.9762	0.9372	0.9122	0.9049	0.9148	0.9382	0.9697	1.0037	1.0355	1.0615	1.0796	1.0893	1.0909	1.0857	1.0753	1.0617	1.0467	1.032	1.019	1.009	1.0026	1.0005
0.9746	0.9558	0.9676	1.0063	1.0519	1.0827	1.0858	1.0602	1.0149	0.9634	0.9186	0.8899	0.8812	0.892	0.9181	0.9537	0.9929	1.0302	1.0618	1.0853	1.0998	1.1057	1.1041	1.0968	1.0857	1.0727	1.0595	1.0477	1.0384	1.0325	1.0305
0.9727	0.9529	0.9665	1.0085	1.0571	1.0888	1.09	1.0604	1.0099	0.9531	0.904	0.8724	0.8627	0.8741	0.9023	0.9412	0.9843	1.0259	1.0618	1.0895	1.1078	1.1171	1.1185	1.1137	1.1047	1.0933	1.0815	1.0707	1.0621	1.0566	1.0547
0.9706	0.9498	0.9653	1.011	1.0626	1.095	1.0942	1.0602	1.0041	0.9417	0.888	0.8535	0.8427	0.855	0.8856	0.928	0.9753	1.0215	1.062	1.0941	1.1166	1.1296	1.1343	1.1323	1.1257	1.1163	1.106	1.0964	1.0887	1.0837	1.0819
0.9676	0.945	0.9635	1.0146	1.0705	1.1038	1.0996	1.0588	0.9939	0.923	0.8625	0.8238	0.8118	0.8256	0.8602	0.9082	0.9623	1.0157	1.0636	1.1027	1.1318	1.1508	1.1608	1.1636	1.161	1.155	1.1476	1.1401	1.1339	1.1299	1.1285
0.9659	0.9421	0.9623	1.0165	1.075	1.1087	1.1021	1.0568	0.9865	0.9103	0.8457	0.8046	0.7923	0.8074	0.8448	0.8966	0.9551	1.0133	1.0659	1.1096	1.1431	1.1661	1.1798	1.1858	1.1861	1.1827	1.1773	1.1714	1.1664	1.1631	1.1619
0.9639	0.9383	0.9603	1.0186	1.0803	1.1142	1.1042	1.0526	0.9749	0.8916	0.8218	0.778	0.7656	0.7831	0.8247	0.8821	0.947	1.0119	1.0713	1.1217	1.1613	1.1903	1.2094	1.2204	1.2252	1.2256	1.2235	1.2204	1.2173	1.2151	1.2144
0.9628	0.9355	0.9587	1.0197	1.0836	1.1175	1.1048	1.0484	0.9652	0.8769	0.8034	0.758	0.7459	0.7655	0.8106	0.8724	0.9423	1.0123	1.0769	1.1324	1.1769	1.2105	1.2341	1.2492	1.2577	1.2615	1.2623	1.2614	1.2601	1.259	1.2585
0.9612	0.931	0.9558	1.021	1.0881	1.1215	1.1043	1.0404	0.9485	0.8526	0.7738	0.7263	0.7152	0.7386	0.7895	0.8585	0.9363	1.0147	1.0876	1.1513	1.2039	1.2453	1.2764	1.2986	1.3138	1.3236	1.3296	1.3331	1.3349	1.3357	1.3359
0.9581	0.9213	0.9491	1.0226	1.0957	1.1274	1.0998	1.0195	0.9095	0.7982	0.7096	0.6591	0.6516	0.6841	0.7479	0.8324	0.927	1.0228	1.1135	1.1951	1.2658	1.3254	1.3747	1.4148	1.4471	1.4728	1.4928	1.5079	1.5184	1.5246	1.5267
0.9534	0.9085	0.9403	1.0238	1.1032	1.1313	1.0895	0.9885	0.857	0.7285	0.6302	0.5784	0.5772	0.6218	0.7016	0.8042	0.9182	1.0342	1.1459	1.2497	1.3441	1.4287	1.5041	1.571	1.6298	1.6807	1.7234	1.7576	1.7825	1.7977	1.8029
0.9282	0.8625	0.9123	1.0263	1.1171	1.1221	1.0268	0.8593	0.6678	0.5004	0.3902	0.3515	0.3817	0.4676	0.5924	0.7402	0.8994	1.0638	1.2311	1.4018	1.5772	1.7582	1.9439	2.1311	2.3148	2.4885	2.6446	2.7756	2.8747	2.9364	2.9574
0.9075	0.8353	0.8984	1.0271	1.1177	1.1028	0.9748	0.7735	0.5582	0.3826	0.2799	0.2599	0.3135	0.4219	0.5645	0.7253	0.8951	1.0718	1.2582	1.4594	1.6797	1.9209	2.1809	2.4536	2.7292	2.9951	3.2376	3.4433	3.5999	3.6979	3.7312
0.8606	0.7875	0.8789	1.0277	1.1053	1.0444	0.8567	0.6062	0.3699	0.2068	0.1436	0.176	0.2796	0.4234	0.5815	0.7402	0.8988	1.0676	1.2628	1.501	1.7942	2.1469	2.5545	3.0032	3.4723	3.9358	4.3654	4.7335	5.0158	5.1933	5.2538
0.7447	0.7159	0.8712	1.0253	1.0294	0.8523	0.5661	0.2851	0.1066	0.0769	0.1852	0.3803	0.596	0.7756	0.8887	0.9373	0.9521	0.9826	1.0846	1.3075	1.6851	2.2294	2.9296	3.7531	4.6508	5.5621	6.4223	7.1683	7.7448	8.1089	8.2333
0.648	0.7833	0.9754	1.0128	0.8427	0.5618	0.3278	0.271	0.442	0.8044	1.258	1.6787	1.9564	2.0241	1.871	1.5403	1.1165	0.7057	0.4145	0.332	0.5169	0.9908	1.7377	2.7078	3.8258	4.9999	6.132	7.1276	7.9039	8.3967	8.5656
0.8033	0.9554	1.052	1.01	0.8713	0.7422	0.7208	0.854	1.1271	1.478	1.8221	2.0779	2.1862	2.1211	1.8916	1.5368	1.1159	0.696	0.3416	0.1048	0.0194	0.0984	0.3344	0.7022	1.1628	1.6693	2.1712	2.6203	2.9743	3.2005	3.2782
0.8938	0.9915	1.0409	1.0137	0.9502	0.9131	0.9478	1.0659	1.2466	1.4493	1.6276	1.7421	1.7675	1.6963	1.5376	1.3137	1.0549	0.7941	0.5618	0.3825	0.2721	0.2372	0.2751	0.3756	0.5224	0.6958	0.8745	1.0383	1.1693	1.2537	1.2828
0.9274	0.9909	1.0246	1.0163	0.9933	0.9911	1.0318	1.1167	1.2297	1.3462	1.4404	1.4924	1.4904	1.4327	1.3256	1.1821	1.0188	0.8531	0.7011	0.5756	0.485	0.4332	0.4194	0.4389	0.4842	0.5461	0.6143	0.6793	0.7324	0.7671	0.7791
0.9417	0.985	1.0128	1.018	1.0172	1.0303	1.0677	1.1275	1.1984	1.2657	1.3152	1.3364	1.324	1.2781	1.2031	1.1065	0.9979	0.8872	0.7833	0.6935	0.6228	0.5738	0.5463	0.5383	0.5461	0.5649	0.5897	0.6151	0.6369	0.6514	0.6565
0.9488	0.9794	1.0045	1.0191	1.0318	1.0527	1.0856	1.1274	1.1708	1.2075	1.2302	1.2341	1.2172	1.1803	1.1261	1.0592	0.9848	0.9085	0.8354	0.7698	0.7147	0.672	0.6421	0.624	0.6161	0.616	0.6209	0.6281	0.6352	0.6403	0.6421
0.9593	0.9539	0.9777	1.0231	1.0721	1.1064	1.1149	1.0962	1.0573	1.0093	0.9633	0.9278	0.9072	0.902	0.9096	0.9258	0.9458	0.9654	0.9811	0.9909	0.9941	0.9908	0.982	0.969	0.9537	0.9375	0.9221	0.9087	0.8985	0.892	0.8898
0.9592	0.9499	0.9745	1.024	1.0769	1.1118	1.1163	1.0899	1.0412	0.9838	0.9307	0.8916	0.8714	0.8703	0.8849	0.9102	0.9404	0.9704	0.9962	1.0152	1.0263	1.0296	1.0261	1.0173	1.005	0.991	0.9771	0.9647	0.955	0.9489	0.9468
0.9589	0.9472	0.9725	1.0247	1.0802	1.1154	1.1172	1.0856	1.0306	0.9671	0.9095	0.8682	0.8482	0.8496	0.8687	0.8997	0.9364	0.973	1.0052	1.0301	1.0465	1.0543	1.0546	1.0488	1.039	1.0269	1.0144	1.003	0.994	0.9882	0.9863
0.958	0.9436	0.97	1.0261	1.0849	1.1204	1.1186	1.0803	1.0171	0.9458	0.8824	0.8381	0.8184	0.8229	0.8475	0.8856	0.9302	0.975	1.0153	1.0477	1.0709	1.0847	1.0901	1.0887	1.0824	1.0733	1.0631	1.0534	1.0456	1.0406	1.0388
0.956	0.939	0.9676	1.0287	1.0915	1.1273	1.1211	1.0747	1.0017	0.9212	0.8509	0.8029	0.7831	0.7909	0.8212	0.867	0.9203	0.9743	1.0236	1.0646	1.0957	1.1167	1.1284	1.1326	1.1311	1.1259	1.119	1.112	1.106	1.102	1.1007
0.9529	0.9342	0.9659	1.0325	1.0994	1.1354	1.1248	1.0702	0.9875	0.8977	0.8203	0.7684	0.748	0.7582	0.7935	0.846	0.9072	0.9695	1.0271	1.0762	1.115	1.143	1.1613	1.1713	1.1749	1.1742	1.171	1.1669	1.1631	1.1604	1.1595
0.9449	0.9249	0.9642	1.0419	1.1166	1.1523	1.1326	1.0625	0.9614	0.8543	0.7635	0.7038	0.6816	0.6955	0.7389	0.8025	0.8769	0.9535	1.0257	1.0893	1.142	1.1835	1.2143	1.236	1.2504	1.2592	1.2641	1.2665	1.2675	1.2678	1.2678
0.9372	0.917	0.9635	1.0507	1.1314	1.1661	1.138	1.0543	0.9378	0.8165	0.7149	0.6492	0.6257	0.6426	0.6924	0.7649	0.8497	0.9375	1.0215	1.097	1.1617	1.215	1.2573	1.29	1.3148	1.333	1.3462	1.3554	1.3614	1.3648	1.3659
0.933	0.9128	0.9633	1.0553	1.1389	1.1727	1.14	1.0491	0.9246	0.7961	0.6893	0.6207	0.5968	0.6154	0.6685	0.7455	0.8355	0.9291	1.0191	1.1008	1.1718	1.2314	1.2801	1.3191	1.3498	1.3736	1.3917	1.405	1.4141	1.4194	1.4211
0.9285	0.9085	0.9631	1.0602	1.1465	1.1791	1.1415	1.0431	0.9103	0.7745	0.6625	0.5912	0.5671	0.5875	0.6441	0.7256	0.821	0.9204	1.0165	1.1046	1.1823	1.2487	1.3044	1.3502	1.3876	1.4177	1.4413	1.4592	1.4718	1.4793	1.4818
0.9237	0.9041	0.9629	1.0651	1.1541	1.1853	1.1422	1.0359	0.8947	0.7516	0.6344	0.5606	0.5364	0.5589	0.6191	0.7054	0.8061	0.9114	1.0138	1.1086	1.1933	1.267	1.3302	1.3838	1.4287	1.4658	1.4958	1.519	1.5356	1.5456	1.5489
0.9185	0.8994	0.9628	1.0703	1.1618	1.1912	1.1422	1.0276	0.8776	0.7271	0.6049	0.5288	0.5049	0.5297	0.5937	0.6848	0.791	0.9022	1.0111	1.1128	1.2048	1.2865	1.358	1.4201	1.4734	1.5186	1.5558	1.5852	1.6064	1.6193	1.6236
0.9129	0.8944	0.9627	1.0755	1.1694	1.1966	1.1412	1.0179	0.859	0.701	0.5739	0.4959	0.4726	0.5	0.5679	0.6639	0.7756	0.8928	1.0083	1.1171	1.2171	1.3073	1.388	1.4596	1.5225	1.5768	1.6224	1.6588	1.6854	1.7016	1.707
0.9068	0.8892	0.9627	1.0809	1.177	1.2014	1.1392	1.0067	0.8386	0.6732	0.5416	0.4619	0.4395	0.4698	0.5419	0.6428	0.76	0.8833	1.0054	1.1217	1.23	1.3296	1.4204	1.5026	1.5763	1.6411	1.6963	1.7408	1.7736	1.7937	1.8005
0.9002	0.8836	0.9626	1.0864	1.1844	1.2057	1.1359	0.9937	0.8163	0.6436	0.5077	0.4268	0.4058	0.4393	0.5157	0.6216	0.7443	0.8735	1.0024	1.1264	1.2436	1.3533	1.4553	1.5496	1.6356	1.7123	1.7785	1.8324	1.8724	1.897	1.9054
0.8931	0.8778	0.9625	1.092	1.1916	1.2091	1.1312	0.979	0.7919	0.6122	0.4724	0.3909	0.3718	0.4087	0.4896	0.6005	0.7285	0.8636	0.9992	1.1312	1.2579	1.3786	1.4931	1.6009	1.7008	1.7914	1.8702	1.935	1.9833	2.0132	2.0233
0.8853	0.8715	0.9624	1.0977	1.1985	1.2116	1.1249	0.9621	0.7654	0.5789	0.4358	0.3542	0.3375	0.3784	0.4639	0.5796	0.7127	0.8535	0.9958	1.136	1.2728	1.4055	1.5339	1.6569	1.7728	1.8791	1.9727	2.05	2.108	2.1439	2.1561
0.8769	0.865	0.9624	1.1034	1.2051	1.213	1.1168	0.9429	0.7366	0.5436	0.3979	0.3171	0.3034	0.3486	0.4387	0.5591	0.697	0.8432	0.992	1.1406	1.2881	1.4341	1.5779	1.7181	1.8523	1.9767	2.0871	2.179	2.2482	2.2912	2.3057
0.8676	0.858	0.9624	1.1091	1.2111	1.2131	1.1065	0.9212	0.7054	0.5065	0.359	0.2798	0.2699	0.3198	0.4146	0.5393	0.6815	0.8326	0.9877	1.1449	1.3037	1.4641	1.6252	1.785	1.9398	2.0851	2.2149	2.3237	2.4058	2.457	2.4744
0.854	0.8481	0.9625	1.1167	1.2181	1.2107	1.0891	0.888	0.6597	0.4542	0.3059	0.2305	0.227	0.2837	0.3846	0.5145	0.6613	0.8179	0.9808	1.1495	1.3246	1.5064	1.6937	1.8835	2.0707	2.2485	2.4091	2.5444	2.647	2.7112	2.733
0.8427	0.8404	0.9627	1.1224	1.2224	1.2067	1.0729	0.8596	0.6225	0.413	0.2657	0.1947	0.1969	0.2592	0.3645	0.4975	0.6468	0.8064	0.9745	1.1518	1.3399	1.5395	1.7491	1.9649	2.1804	2.3868	2.5744	2.7333	2.8542	2.9298	2.9556
0.8304	0.8323	0.9631	1.128	1.2257	1.2005	1.0536	0.828	0.5826	0.3705	0.2257	0.1604	0.1695	0.2377	0.3472	0.4823	0.6329	0.7944	0.9669	1.1526	1.3544	1.5734	1.808	2.0532	2.3007	2.5399	2.7586	2.9445	3.0863	3.1753	3.2056
0.8171	0.8241	0.9637	1.1334	1.2278	1.1919	1.0311	0.793	0.5402	0.327	0.1865	0.1286	0.1456	0.2201	0.3332	0.4694	0.6198	0.7818	0.9575	1.1514	1.3676	1.6078	1.8702	2.1484	2.4324	2.7089	2.9631	3.18	3.3459	3.4501	3.4856
0.8028	0.8157	0.9648	1.1388	1.2285	1.1805	1.0049	0.7545	0.4955	0.283	0.1488	0.1002	0.1263	0.2074	0.3234	0.4593	0.6077	0.7683	0.946	1.1476	1.3788	1.6421	1.9353	2.2507	2.5759	2.8948	3.1894	3.4417	3.6351	3.7567	3.7982
0.7875	0.8075	0.9663	1.1439	1.2276	1.1661	0.9749	0.7125	0.4487	0.2391	0.1136	0.0762	0.1126	0.2004	0.3185	0.4524	0.5967	0.7539	0.932	1.1405	1.3873	1.6756	2.0029	2.3598	2.7313	3.0981	3.4386	3.7309	3.9556	4.097	4.1453
0.7714	0.7996	0.9685	1.1488	1.2248	1.1483	0.941	0.6672	0.4002	0.196	0.0818	0.0579	0.1058	0.2004	0.3195	0.4494	0.587	0.7383	0.9149	1.1295	1.3923	1.7076	2.0723	2.4753	2.8987	3.3193	3.7113	4.0488	4.3087	4.4725	4.5285
0.7545	0.7923	0.9715	1.1534	1.22	1.127	0.9031	0.6188	0.3508	0.1546	0.0547	0.0464	0.1071	0.2084	0.3272	0.4507	0.5789	0.7215	0.8943	1.1139	1.393	1.7372	2.1428	2.5966	3.0775	3.5579	4.0074	4.3955	4.6948	4.8837	4.9482
0.743	0.7879	0.974	1.1564	1.2156	1.1108	0.8756	0.585	0.3176	0.1286	0.0398	0.0432	0.113	0.2187	0.3363	0.4542	0.5743	0.7094	0.8784	1.1006	1.3907	1.7551	2.1898	2.6802	3.2025	3.7263	4.2176	4.6424	4.9704	5.1774	5.2482
0.7255	0.7823	0.9788	1.1604	1.2071	1.0834	0.8313	0.5325	0.2683	0.0927	0.0231	0.046	0.1303	0.2421	0.3566	0.4637	0.5689	0.69	0.851	1.0758	1.3824	1.7785	2.2597	2.8088	3.398	3.9919	4.5507	5.0351	5.4095	5.6461	5.727
0.7082	0.7783	0.9849	1.1641	1.1961	1.0524	0.7838	0.4785	0.2204	0.0615	0.0142	0.0587	0.1583	0.2757	0.3851	0.4784	0.5653	0.669	0.8192	1.045	1.3679	1.7972	2.3277	2.9399	3.6014	4.2711	4.9032	5.4522	5.8771	6.1459	6.2378
0.6915	0.7763	0.9924	1.1674	1.1828	1.0182	0.7336	0.4241	0.1752	0.0364	0.0142	0.0822	0.1977	0.3197	0.4219	0.4984	0.5635	0.6463	0.7831	1.0081	1.3469	1.8105	2.3931	3.0721	3.8106	4.5613	5.2719	5.8901	6.3693	6.6725	6.7763
0.6759	0.7766	1.0015	1.1703	1.1672	0.981	0.6816	0.3702	0.1338	0.0183	0.0239	0.1167	0.2482	0.3738	0.4666	0.5233	0.5633	0.6222	0.7428	0.9654	1.3196	1.8183	2.4551	3.2042	4.0237	4.8599	5.6533	6.3447	6.8811	7.2208	7.337
0.6622	0.7798	1.0123	1.1726	1.1494	0.9415	0.6288	0.3183	0.0975	0.0081	0.0435	0.1622	0.3094	0.4372	0.5184	0.5526	0.5646	0.5967	0.699	0.9178	1.2871	1.8216	2.5141	3.3359	4.2395	5.1647	6.0443	6.8119	7.4081	7.7857	7.9151
0.6509	0.7861	1.0247	1.1744	1.1297	0.9004	0.5762	0.2695	0.0672	0.0064	0.0729	0.2177	0.3799	0.5083	0.5757	0.5851	0.5668	0.5703	0.6528	0.867	1.2513	1.8224	2.5723	3.4688	4.4591	5.4758	6.4444	7.2906	7.9482	8.3651	8.5078
0.643	0.796	1.0388	1.1756	1.1082	0.8583	0.5249	0.2249	0.0439	0.0133	0.1115	0.2818	0.4576	0.5847	0.6364	0.6192	0.5693	0.5434	0.606	0.8162	1.2167	1.8261	2.6357	3.6095	4.6892	5.8003	6.8602	7.7872	8.508	8.9651	9.1216
0.6395	0.8103	1.0547	1.1758	1.0848	0.8153	0.4754	0.185	0.0277	0.0285	0.1579	0.3521	0.539	0.6624	0.6965	0.6517	0.5703	0.5164	0.5618	0.7718	1.1936	1.8471	2.7224	3.78	4.9553	6.1665	7.323	8.3349	9.1221	9.6213	9.7923
0.6399	0.8163	1.0604	1.1755	1.0763	0.8005	0.4591	0.1728	0.0239	0.0353	0.1748	0.3762	0.566	0.6874	0.7151	0.6609	0.5695	0.5074	0.5489	0.7613	1.193	1.8646	2.7654	3.8545	5.0653	6.3132	7.5048	8.5475	9.3585	9.8728	10.049
0.6414	0.8234	1.0665	1.1748	1.0671	0.7851	0.4427	0.161	0.0209	0.0429	0.1922	0.4003	0.5922	0.7108	0.7317	0.6682	0.5674	0.4985	0.5381	0.7556	1.2006	1.894	2.8245	3.9493	5.1997	6.4882	7.7183	8.7946	9.6317	10.1625	10.3443
0.6448	0.832	1.0731	1.1735	1.0565	0.7684	0.4256	0.1492	0.0186	0.0514	0.2099	0.4236	0.6165	0.7311	0.7444	0.6718	0.5629	0.4895	0.5312	0.7591	1.224	1.9467	2.9149	4.0839	5.3822	6.7191	7.9948	9.1104	9.9778	10.5278	10.7162
0.6521	0.8438	1.0804	1.1704	1.0426	0.7484	0.4062	0.1368	0.0167	0.0605	0.2275	0.4448	0.6358	0.744	0.7481	0.6666	0.5523	0.4805	0.5334	0.7843	1.2845	2.0544	3.0798	4.3134	5.6797	7.0839	8.422	9.591	10.4993	11.0749	11.2721
0.6591	0.8522	1.0844	1.1669	1.0325	0.7351	0.3941	0.1295	0.0159	0.0655	0.2357	0.453	0.6407	0.7434	0.7415	0.6558	0.5414	0.4758	0.5429	0.8169	1.3491	2.1592	3.2316	4.5164	5.9355	7.3912	8.7763	9.9852	10.9238	11.5184	11.722
0.6656	0.8588	1.0868	1.1633	1.0239	0.7246	0.3851	0.1243	0.0153	0.0685	0.2402	0.4562	0.6402	0.7379	0.7314	0.6433	0.5307	0.4729	0.5547	0.851	1.413	2.2595	3.3734	4.7028	6.1675	7.667	9.092	10.3345	11.2986	11.909	12.118
0.6716	0.8643	1.0883	1.1595	1.0161	0.7155	0.3776	0.1202	0.0149	0.0706	0.2428	0.4569	0.6371	0.7302	0.7198	0.6303	0.5204	0.4707	0.5672	0.8848	1.4747	2.3548	3.5065	4.8763	6.3818	7.9206	9.381	10.6533	11.6399	12.2643	12.478
0.6799	0.8712	1.0894	1.1537	1.0055	0.7038	0.3681	0.1151	0.0143	0.0728	0.2448	0.4557	0.6303	0.7171	0.7018	0.611	0.5058	0.4684	0.5859	0.9337	1.5623	2.4886	3.6919	5.1164	6.6769	8.2683	9.7761	11.0881	12.1046	12.7477	12.9677
0.6852	0.8753	1.0896	1.1495	0.9985	0.6962	0.3623	0.1121	0.014	0.074	0.2455	0.4539	0.6248	0.7074	0.689	0.5978	0.496	0.4671	0.5988	0.9667	1.621	2.5776	3.8146	5.2747	6.8709	8.4963	10.0346	11.3722	12.408	13.063	13.2871
0.6918	0.8799	1.0893	1.144	0.9896	0.687	0.3553	0.1086	0.0137	0.0752	0.2459	0.451	0.617	0.6945	0.6725	0.5809	0.4837	0.4657	0.6153	1.0083	1.6944	2.6884	3.9669	5.4706	7.1106	8.7775	10.3531	11.7219	12.7811	13.4508	13.6798
0.6999	0.8852	1.0881	1.1364	0.9782	0.6755	0.3466	0.1043	0.0133	0.0764	0.2457	0.4465	0.6062	0.6772	0.6507	0.5589	0.4679	0.4641	0.6367	1.0617	1.7883	2.8296	4.1605	5.7192	7.414	9.1331	10.7554	12.1632	13.2518	13.9396	14.1748
0.7103	0.8911	1.0854	1.1255	0.9628	0.6603	0.3357	0.0991	0.0128	0.0778	0.2448	0.4396	0.5908	0.6534	0.6212	0.5294	0.447	0.4621	0.6652	1.1324	1.9118	3.0149	4.4139	6.0439	7.8098	9.5961	11.2788	12.7368	13.8632	14.5744	14.8176
0.7239	0.8975	1.0798	1.109	0.9409	0.6396	0.3211	0.0924	0.0124	0.0793	0.2427	0.4288	0.5684	0.6194	0.5798	0.4886	0.4183	0.4596	0.7045	1.2291	2.0802	3.2668	4.7576	6.4834	8.3446	10.2212	11.9846	13.5099	14.6867	15.4293	15.683
0.742	0.9036	1.0679	1.0823	0.9079	0.6097	0.3007	0.0836	0.012	0.081	0.2386	0.4118	0.5345	0.5693	0.5194	0.4296	0.377	0.4561	0.7606	1.3666	2.3188	3.6229	5.2424	7.1023	9.0968	11.0993	12.9752	14.594	15.8411	16.6272	16.8957
0.7664	0.9057	1.042	1.0354	0.8542	0.5634	0.2708	0.0715	0.0123	0.0832	0.2309	0.384	0.4811	0.4917	0.4272	0.3403	0.315	0.4508	0.8438	1.5698	2.6708	4.1468	5.9543	8.0097	10.1979	12.3831	14.422	16.1763	17.525	18.374	18.6638
0.7958	0.8909	0.9805	0.945	0.7605	0.4882	0.2256	0.0556	0.0146	0.0865	0.2165	0.3372	0.3948	0.3693	0.284	0.203	0.2201	0.4415	0.9667	1.8706	3.1905	4.9185	7.0005	9.3403	11.8097	14.2595	16.534	18.484	19.9792	20.9189	21.2394
0.8059	0.8112	0.8305	0.769	0.6029	0.3775	0.1695	0.0435	0.0243	0.0915	0.193	0.2689	0.2766	0.2088	0.1018	0.0318	0.1021	0.4251	1.1024	2.207	3.7704	5.7753	8.1558	10.8026	13.5733	16.3051	18.8294	20.986	22.6356	23.6706	24.0233
0.5053	0.4791	0.6186	0.7422	0.7327	0.5802	0.3555	0.1564	0.0593	0.0926	0.234	0.4261	0.601	0.704	0.7101	0.6314	0.5136	0.4259	0.4464	0.6465	1.0776	1.7625	2.6904	3.8189	5.0779	6.3786	7.6225	8.712	9.5601	10.0982	10.2825
0.4701	0.5575	0.7958	0.9653	0.9426	0.7345	0.4386	0.1787	0.0497	0.0885	0.2713	0.5308	0.7828	0.9524	0.9934	0.898	0.6958	0.4453	0.2203	0.0951	0.1305	0.3639	0.8042	1.4304	2.1957	3.0337	3.8672	4.6171	5.2113	5.5925	5.7238
0.4911	0.6359	0.9054	1.0729	1.0239	0.7804	0.4534	0.1745	0.041	0.0873	0.2853	0.5623	0.8297	1.009	1.0518	0.949	0.7299	0.4536	0.195	0.03	0.0214	0.2088	0.6029	1.1848	1.9092	2.711	3.5138	4.2394	4.816	5.1865	5.3142
0.5335	0.7194	0.9976	1.1454	1.0634	0.7892	0.4435	0.16	0.0321	0.0882	0.2936	0.572	0.8338	1.003	1.0353	0.9271	0.7133	0.4576	0.2385	0.1332	0.2041	0.4884	0.9929	1.6934	2.5385	3.4567	4.3651	5.1797	5.8236	6.2361	6.3781
0.5673	0.7699	1.043	1.1707	1.066	0.7759	0.4252	0.1461	0.0273	0.0911	0.2986	0.5714	0.8212	0.9753	0.9953	0.8837	0.6813	0.4569	0.2918	0.2644	0.4359	0.8403	1.4795	2.323	3.3121	4.3681	5.4008	6.3195	7.0421	7.5036	7.6622
0.5921	0.803	1.0683	1.1789	1.0571	0.7572	0.4059	0.1338	0.0249	0.0967	0.3066	0.5748	0.8139	0.9546	0.963	0.8471	0.6528	0.4532	0.3325	0.3703	0.6269	1.1338	1.8886	2.8553	3.9692	5.1448	6.2858	7.2955	8.0868	8.591	8.7641
0.6041	0.8191	1.0795	1.1803	1.049	0.7439	0.3933	0.1263	0.0245	0.1026	0.3155	0.5826	0.8167	0.95	0.9512	0.831	0.6385	0.4491	0.3491	0.419	0.7189	1.2792	2.0953	3.1283	4.3101	5.5513	6.752	7.8122	8.6418	9.1698	9.3511
0.617	0.8376	1.0922	1.1801	1.0363	0.7246	0.3752	0.1162	0.0257	0.1145	0.3345	0.603	0.8329	0.9577	0.9486	0.8199	0.6244	0.441	0.3588	0.4599	0.8052	1.4238	2.309	3.4185	4.6799	5.9993	7.272	8.3933	9.2696	9.8269	10.0181
0.625	0.8505	1.101	1.1792	1.0258	0.709	0.3609	0.1088	0.0282	0.1269	0.3542	0.6259	0.8541	0.9731	0.9558	0.8187	0.6172	0.4331	0.3576	0.4747	0.8458	1.4999	2.429	3.5883	4.9029	6.2752	7.5971	8.7608	9.6695	10.2473	10.4454
0.6317	0.8616	1.1086	1.1782	1.0162	0.695	0.3483	0.1027	0.0314	0.1396	0.3742	0.6493	0.8766	0.9908	0.966	0.8206	0.6124	0.4254	0.353	0.4809	0.8711	1.5529	2.5169	3.7168	5.075	6.4914	7.8545	9.0537	9.9899	10.5849	10.7889
0.6381	0.8723	1.1157	1.177	1.0069	0.6817	0.3366	0.0974	0.0353	0.1526	0.3941	0.6726	0.8991	1.0087	0.9767	0.8232	0.6081	0.4178	0.3476	0.4846	0.892	1.5986	2.5946	3.8318	5.2304	6.6874	8.0888	9.3211	10.2827	10.8939	11.1034
0.6448	0.8829	1.1225	1.1755	0.9975	0.6686	0.3255	0.0928	0.0397	0.1659	0.4139	0.6954	0.9208	1.0257	0.9865	0.8252	0.6036	0.4103	0.3427	0.4892	0.9139	1.6456	2.6735	3.948	5.3867	6.8842	8.3236	9.5887	10.5757	11.2028	11.4178
0.6524	0.894	1.1293	1.1736	0.9876	0.6553	0.3145	0.0887	0.0445	0.1793	0.4335	0.7172	0.941	1.0408	0.9943	0.8253	0.598	0.4028	0.3393	0.4973	0.9414	1.7006	2.7629	4.0769	5.5582	7.0983	8.5776	9.8771	10.8905	11.5342	11.7549
0.6611	0.9057	1.136	1.171	0.9769	0.6415	0.3033	0.0847	0.0497	0.1929	0.4526	0.7378	0.9589	1.0529	0.9988	0.8226	0.5904	0.3954	0.3387	0.5116	0.9795	1.7709	2.8727	4.2317	5.7606	7.3481	8.8715	10.2089	11.2514	11.9134	12.1403
0.6716	0.9186	1.1425	1.1672	0.9646	0.6263	0.2915	0.0808	0.0553	0.2066	0.471	0.7565	0.9736	1.0605	0.9982	0.815	0.5797	0.3878	0.3425	0.5364	1.0354	1.8674	3.0179	4.4311	6.0168	7.6605	9.2357	10.6174	11.6937	12.3769	12.6111
0.6848	0.933	1.1486	1.1612	0.9495	0.6086	0.2782	0.0765	0.0612	0.2205	0.4884	0.7722	0.983	1.0608	0.9893	0.7996	0.5637	0.3799	0.3537	0.5789	1.1216	2.0087	3.2235	4.7073	6.366	8.081	9.7216	11.1588	12.2774	12.9871	13.2302
0.7023	0.9495	1.1534	1.1511	0.9289	0.586	0.2619	0.0714	0.0674	0.2345	0.504	0.7828	0.9835	1.0486	0.9657	0.7703	0.5384	0.3717	0.3783	0.6534	1.2625	2.231	3.5389	5.123	6.8843	8.6984	10.4292	11.9425	13.1189	13.8646	14.12
0.7136	0.9588	1.1545	1.143	0.9149	0.5715	0.2518	0.0681	0.0708	0.2416	0.5107	0.785	0.978	1.0345	0.9447	0.7468	0.5198	0.3674	0.3994	0.7113	1.3685	2.3947	3.7677	5.4213	7.253	9.1347	10.9268	12.4916	13.7069	14.4768	14.7404
0.7273	0.9687	1.1539	1.1313	0.8967	0.5535	0.2395	0.0643	0.0744	0.2488	0.5162	0.7836	0.9663	1.0117	0.9135	0.7138	0.4948	0.3632	0.4302	0.7922	1.5136	2.6161	4.0746	5.8188	7.7418	9.7108	11.5816	13.2124	14.4776	15.2786	15.5527
0.7442	0.9788	1.1498	1.1134	0.8717	0.5299	0.2241	0.0596	0.0785	0.2563	0.5199	0.7769	0.9449	0.9754	0.8669	0.6663	0.4603	0.3593	0.4765	0.9087	1.7192	2.9267	4.5017	6.3688	8.4151	10.5015	12.4778	14.197	15.5287	16.3711	16.6592
0.7655	0.9878	1.1384	1.0846	0.8353	0.4975	0.2039	0.0539	0.0837	0.2641	0.5204	0.7611	0.9077	0.9173	0.7953	0.5956	0.4111	0.3566	0.5484	1.0834	2.0227	3.3808	5.1222	7.1637	9.3839	11.6356	13.7601	15.603	17.0277	17.9278	18.2355
0.7916	0.991	1.1113	1.0347	0.7787	0.4504	0.1766	0.0477	0.0914	0.2728	0.5153	0.7296	0.8434	0.8226	0.6825	0.4871	0.3384	0.3578	0.6648	1.3565	2.4905	4.0745	6.0636	8.3635	10.8408	13.3356	15.6774	17.7014	19.2621	20.2465	20.5827
0.8189	0.9742	1.0479	0.9433	0.6863	0.3804	0.1406	0.0438	0.1053	0.2832	0.4998	0.6707	0.7334	0.6675	0.5033	0.3199	0.232	0.3702	0.8586	1.7932	3.2258	5.1537	7.5175	10.2064	13.0686	15.9261	18.5915	20.8842	22.6464	23.7555	24.1341
0.8227	0.8964	0.9062	0.7798	0.5444	0.2887	0.1063	0.054	0.1333	0.2967	0.4688	0.5748	0.5673	0.4442	0.2556	0.0992	0.1049	0.4136	1.1536	2.4185	4.2509	6.6336	9.4885	12.683	16.0423	19.3659	22.4448	25.0801	27.0983	28.3657	28.7978
0.7305	0.7066	0.6846	0.5923	0.4302	0.2535	0.1305	0.1051	0.1786	0.3114	0.4401	0.5026	0.462	0.3247	0.1466	0.0288	0.1024	0.5074	1.3692	2.7767	4.7669	7.316	10.3389	13.6965	17.2083	20.6685	23.8641	26.593	28.6796	29.9886	30.4346
0.6967	0.6629	0.6486	0.5747	0.4319	0.2683	0.1493	0.1203	0.1868	0.3135	0.4406	0.5073	0.4761	0.3509	0.1836	0.071	0.1401	0.5275	1.3562	2.7146	4.6401	7.1111	10.046	13.3096	16.7263	20.0952	23.2084	25.868	27.9022	29.1786	29.6136
0.6605	0.6231	0.6226	0.5699	0.4457	0.2916	0.1721	0.1358	0.1935	0.3151	0.4444	0.5212	0.5061	0.3985	0.2447	0.1352	0.1913	0.5451	1.317	2.5946	4.4172	6.7664	9.5658	12.6864	15.9598	19.1923	22.1827	24.7397	26.6966	27.925	28.3437
0.6243	0.5902	0.6083	0.5784	0.4707	0.3221	0.1975	0.1505	0.1981	0.3162	0.4513	0.5436	0.5502	0.4648	0.3263	0.2175	0.2528	0.559	1.2535	2.4238	4.1113	6.3023	8.9269	11.8644	14.9551	18.0142	20.8493	23.2766	25.1361	26.304	26.7022
0.5605	0.5504	0.615	0.6292	0.5453	0.3949	0.2491	0.1742	0.2012	0.3168	0.4727	0.6066	0.6669	0.6326	0.5258	0.4116	0.389	0.5733	1.0762	1.985	3.3473	5.161	7.3719	9.8782	12.5404	15.1945	17.6678	19.794	21.4274	22.4552	22.806
0.487	0.5745	0.7441	0.8235	0.746	0.5511	0.3349	0.1941	0.1865	0.3152	0.5349	0.7724	0.9529	1.024	0.9714	0.825	0.6535	0.5513	0.6203	0.9508	1.6054	2.6076	3.9373	5.5323	7.295	9.1036	10.8246	12.3268	13.4931	14.2319	14.4848
0.4901	0.6502	0.8711	0.963	0.862	0.6228	0.3599	0.1862	0.1693	0.3157	0.577	0.8714	1.1111	1.2282	1.1923	1.018	0.7618	0.5102	0.3626	0.4125	0.7307	1.3536	2.277	3.4565	4.8132	6.2431	7.6296	8.8557	9.8162	10.428	10.638
0.5111	0.7123	0.9532	1.0398	0.916	0.6481	0.3613	0.1749	0.159	0.3187	0.6022	0.9224	1.1858	1.3184	1.2838	1.0918	0.7952	0.4788	0.2422	0.1811	0.3703	0.8514	1.6262	2.6567	3.8702	5.1688	6.4406	7.573	8.4642	9.0335	9.2292
0.5321	0.7571	1.0049	1.0825	0.941	0.6553	0.3563	0.1658	0.1538	0.3231	0.6189	0.9512	1.2238	1.3603	1.3226	1.1191	0.8022	0.457	0.184	0.0803	0.223	0.6556	1.3822	2.3667	3.5381	4.7995	6.0403	7.1482	8.0217	8.5804	8.7725
0.5499	0.7896	1.0391	1.1076	0.9528	0.6554	0.35	0.1592	0.1517	0.3282	0.6315	0.9699	1.2458	1.3819	1.34	1.1286	0.8006	0.4417	0.1537	0.0348	0.1632	0.5834	1.3003	2.2778	3.4451	4.7048	5.9455	7.0545	7.9294	8.4891	8.6816
0.5769	0.8332	1.0805	1.1337	0.9603	0.6492	0.3388	0.1513	0.1523	0.3391	0.6511	0.9946	1.2709	1.4029	1.353	1.1311	0.7916	0.4222	0.1265	0.0046	0.136	0.5658	1.2987	2.298	3.4911	4.7785	6.0464	7.1797	8.0738	8.6458	8.8425
0.6336	0.9113	1.1408	1.1559	0.9481	0.6209	0.3155	0.1479	0.1741	0.3826	0.7077	1.0535	1.3224	1.4395	1.3702	1.1281	0.772	0.3945	0.1041	0.0055	0.1811	0.6777	1.4986	2.6033	3.913	5.3205	6.7032	7.937	8.9093	9.531	9.7447
0.6657	0.9497	1.1621	1.1531	0.9295	0.6017	0.3084	0.1584	0.2006	0.4194	0.7482	1.0927	1.3573	1.4685	1.3924	1.1424	0.7779	0.3933	0.1	0.0068	0.2001	0.7297	1.6003	2.7702	4.1571	5.6482	7.1138	8.4222	9.4537	10.1135	10.3404
0.691	0.9754	1.1697	1.1406	0.9085	0.5866	0.308	0.1728	0.2237	0.444	0.7697	1.1112	1.376	1.4911	1.4201	1.1729	0.8058	0.4123	0.1067	0.0033	0.1956	0.7403	1.6469	2.8751	4.3399	5.9222	7.4833	8.8809	9.9851	10.6922	10.9356
0.7128	0.9875	1.1544	1.1043	0.8724	0.5689	0.3123	0.188	0.2327	0.4345	0.7416	1.0771	1.3558	1.5029	1.4716	1.2567	0.9013	0.4928	0.1497	0.0004	0.1597	0.7061	1.6665	3.0093	4.6463	6.4439	8.2397	9.8626	11.1534	11.9837	12.2701
0.7176	0.9843	1.1381	1.081	0.8532	0.5613	0.3148	0.1916	0.227	0.4133	0.7072	1.0399	1.3305	1.5026	1.502	1.3134	0.9698	0.5538	0.1857	0.0033	0.1355	0.6768	1.6675	3.0827	4.8334	6.7765	8.7331	10.5119	11.9328	12.8493	13.1658
0.7214	0.971	1.1013	1.0344	0.8178	0.5486	0.3192	0.195	0.209	0.3634	0.6309	0.9585	1.274	1.4985	1.5637	1.4331	1.1189	0.6913	0.2732	0.0203	0.0918	0.6167	1.6651	3.2292	5.2195	7.4733	9.7769	11.8942	13.5987	14.7036	15.0861
0.7178	0.9092	0.9752	0.8923	0.7187	0.5167	0.3308	0.1958	0.1451	0.2076	0.3984	0.708	1.0945	1.4809	1.7654	1.8475	1.6657	1.236	0.6726	0.1808	0.0205	0.4477	1.6515	3.7014	6.52	9.8833	13.4514	16.8201	19.583	21.3953	22.0264
0.7152	0.8926	0.9451	0.8607	0.6979	0.5106	0.333	0.1951	0.1313	0.1755	0.3502	0.6548	1.055	1.4767	1.8133	1.9503	1.8079	1.3858	0.7924	0.2427	0.0205	0.415	1.6482	3.8127	6.8369	10.483	14.3788	18.0752	21.1173	23.117	23.8141
0.7113	0.8706	0.9067	0.8215	0.6729	0.5033	0.3354	0.194	0.1148	0.1377	0.2933	0.591	1.0065	1.4715	1.8743	2.0839	1.9961	1.5883	0.9594	0.3351	0.0302	0.3778	1.6441	3.954	7.2454	11.2629	15.5917	19.7232	23.137	25.3866	26.1717
0.705	0.8404	0.8566	0.7723	0.6427	0.495	0.338	0.1919	0.0954	0.0942	0.2269	0.5146	0.9469	1.4648	1.9539	2.2627	2.2542	1.8732	1.2027	0.4799	0.0603	0.3369	1.6389	4.1378	7.7871	12.3089	17.2306	21.9609	25.888	28.4836	29.3907
0.6945	0.7975	0.7897	0.71	0.6069	0.4859	0.3405	0.1884	0.0735	0.0469	0.1532	0.4257	0.8736	1.4563	2.0607	2.5111	2.6241	2.2948	1.5776	0.7204	0.1337	0.2969	1.6324	4.3831	8.5296	13.7652	19.535	25.1274	29.7969	32.8941	33.9784
0.6757	0.7334	0.6986	0.633	0.5679	0.478	0.3414	0.1818	0.0528	0.0068	0.0862	0.3338	0.7884	1.4453	2.2064	2.8688	3.181	2.9568	2.1953	1.1498	0.3064	0.275	1.6244	4.7153	9.5786	15.8705	22.9136	29.8125	35.6132	39.4775	40.8332
0.6399	0.6348	0.5789	0.5513	0.5416	0.4786	0.3366	0.1686	0.0493	0.0173	0.0842	0.2882	0.7139	1.4328	2.3997	3.3913	4.0538	4.0575	3.2882	1.9799	0.7224	0.3299	1.6162	5.1493	11.0615	18.9655	27.9959	36.9613	44.5668	49.6609	51.4526
0.569	0.493	0.4639	0.5375	0.5984	0.5156	0.3119	0.1418	0.1252	0.2367	0.3678	0.4937	0.7663	1.4271	2.5907	4.0655	5.3563	5.8761	5.2652	3.655	1.746	0.6594	1.616	5.5569	12.8283	23.0189	34.9926	47.0956	57.4829	64.4894	66.962
0.4591	0.4005	0.5771	0.8694	0.9473	0.6587	0.237	0.0984	0.4431	1.0565	1.5007	1.5237	1.3273	1.4637	2.4302	4.2568	6.3735	7.8552	7.9093	6.35	3.8264	1.704	1.6543	5.1125	12.7892	24.3863	38.587	53.3107	66.1514	74.8961	77.9961
0.4383	0.636	1.1792	1.6378	1.5346	0.8569	0.1491	0.0867	0.9055	2.1747	3.1055	3.144	2.3932	1.5613	1.49	2.5962	4.5831	6.5781	7.5982	7.0811	5.2213	2.9731	1.7389	2.8835	7.2574	14.8816	24.8801	35.6633	45.295	51.9463	54.3195
0.5428	0.9546	1.6013	1.9662	1.6789	0.8771	0.1528	0.125	0.9717	2.277	3.3008	3.4681	2.7367	1.6093	0.8131	0.8698	1.8147	3.2016	4.358	4.7331	4.1653	2.9609	1.773	1.3505	2.2627	4.6954	8.376	12.6396	16.6047	19.4055	20.4151
0.7123	1.1243	1.4915	1.5353	1.2018	0.676	0.2585	0.1924	0.5354	1.139	1.7322	2.0579	1.9873	1.5627	0.9601	0.4013	0.0646	0.0288	0.2657	0.6719	1.1174	1.4901	1.7228	1.7988	1.7419	1.5982	1.4183	1.2445	1.1057	1.0179	0.9881
0.7296	1.0992	1.3851	1.3777	1.07	0.6278	0.28	0.2003	0.4317	0.8792	1.3621	1.695	1.7599	1.5425	1.1242	0.6427	0.2405	0.0233	0.0383	0.2747	0.6795	1.1802	1.7048	2.1962	2.618	2.9541	3.2043	3.3781	3.489	3.5496	3.5688
0.7396	1.0784	1.3118	1.2747	0.9859	0.5962	0.2913	0.2053	0.3734	0.7301	1.1455	1.4768	1.6173	1.5267	1.2359	0.8305	0.4226	0.1202	0.0043	0.1166	0.4592	1.0014	1.6911	2.4663	3.2643	4.0287	4.7122	5.2781	5.6998	5.9595	6.0472
0.7426	1.0744	1.2955	1.2512	0.9662	0.588	0.2929	0.2067	0.3624	0.7004	1.101	1.4305	1.5856	1.5215	1.259	0.8729	0.4678	0.1505	0.0076	0.0918	0.4173	0.9641	1.6865	2.5235	3.4081	4.2752	5.066	5.7316	6.234	6.546	6.6518
0.7453	1.0722	1.2845	1.2346	0.9517	0.5813	0.2934	0.2078	0.3557	0.6813	1.0715	1.3991	1.5632	1.5163	1.273	0.9007	0.4985	0.1723	0.012	0.0771	0.3903	0.9388	1.6818	2.5594	3.5021	4.4388	5.3032	6.0377	6.596	6.9445	7.063
0.7477	1.0712	1.2765	1.2219	0.94	0.5752	0.293	0.2085	0.3514	0.6682	1.0507	1.3762	1.5457	1.5105	1.2809	0.9188	0.5197	0.188	0.0161	0.0678	0.3715	0.9202	1.6764	2.5814	3.564	4.5492	5.4652	6.2483	6.8462	7.2206	7.3481
0.75	1.071	1.2705	1.2115	0.9298	0.5692	0.2917	0.2088	0.3486	0.6591	1.0353	1.3583	1.531	1.5038	1.284	0.93	0.5339	0.1993	0.0194	0.0615	0.358	0.9056	1.6699	2.5928	3.6024	4.6211	5.5729	6.39	7.0159	7.4086	7.5423
0.7521	1.0713	1.2658	1.2025	0.9202	0.5627	0.2894	0.2086	0.3467	0.6525	1.0235	1.3435	1.5174	1.4953	1.2828	0.9353	0.5425	0.2067	0.0219	0.0572	0.3478	0.8934	1.6614	2.5949	3.6214	4.6615	5.6368	6.4764	7.1208	7.5257	7.6637
0.7541	1.072	1.262	1.1941	0.9104	0.5552	0.2858	0.2077	0.3454	0.6477	1.0139	1.3303	1.5035	1.4843	1.2769	0.9348	0.5457	0.2107	0.0235	0.0542	0.34	0.8822	1.6501	2.5873	3.6214	4.6722	5.6599	6.5117	7.1663	7.578	7.7184
0.7559	1.0732	1.2587	1.1857	0.8997	0.5459	0.2804	0.2059	0.3445	0.6442	1.0057	1.3174	1.488	1.4692	1.265	0.9277	0.5431	0.2109	0.0239	0.0523	0.3339	0.8711	1.6342	2.5678	3.5998	4.6501	5.6386	6.4918	7.148	7.561	7.7019
0.7575	1.0747	1.2556	1.1764	0.8865	0.5334	0.2722	0.2025	0.3435	0.6417	0.9982	1.3034	1.4685	1.4473	1.2445	0.9116	0.5331	0.2064	0.0228	0.0512	0.3289	0.8585	1.6107	2.5311	3.5486	4.5844	5.5592	6.4008	7.0481	7.4554	7.5944
0.7587	1.0766	1.2523	1.1646	0.8685	0.515	0.259	0.1966	0.3425	0.6401	0.9903	1.2855	1.4407	1.413	1.2092	0.881	0.5113	0.1949	0.0195	0.0512	0.3248	0.8419	1.5731	2.4652	3.4494	4.4493	5.389	6.1993	6.8221	7.2137	7.3472
0.7593	1.0792	1.2474	1.1462	0.8391	0.4838	0.2358	0.186	0.3413	0.6395	0.9796	1.2574	1.3937	1.3519	1.1437	0.8222	0.468	0.1711	0.013	0.0531	0.3212	0.8152	1.5053	2.3401	3.2549	4.1793	5.0443	5.7874	6.3569	6.7145	6.8363
0.7581	1.0825	1.2357	1.1063	0.7763	0.4181	0.1882	0.166	0.3421	0.6408	0.958	1.1959	1.2891	1.2158	0.9979	0.6919	0.3737	0.1219	0.0034	0.0626	0.3169	0.7573	1.3524	2.0556	2.8119	3.5644	4.2595	4.8506	5.3001	5.5808	5.6762
0.7521	1.0772	1.1569	0.9235	0.5328	0.201	0.0703	0.1604	0.3946	0.6577	0.8506	0.9198	0.8612	0.7066	0.5054	0.3075	0.1534	0.0696	0.0682	0.1495	0.3046	0.5193	0.7757	1.0555	1.3402	1.6129	1.8584	2.0635	2.2178	2.3136	2.346
0.7518	1.0616	1.0824	0.7899	0.3873	0.105	0.0583	0.2182	0.4663	0.6746	0.7644	0.7239	0.5927	0.4302	0.2883	0.1958	0.1572	0.1616	0.1928	0.239	0.2962	0.3678	0.4614	0.583	0.734	0.908	1.0913	1.2651	1.4086	1.5033	1.5364
0.7607	1.0115	0.9118	0.5402	0.1765	0.0438	0.176	0.4426	0.6622	0.7139	0.5884	0.37	0.1771	0.0984	0.1574	0.3111	0.4788	0.5806	0.5709	0.4537	0.2798	0.1286	0.082	0.201	0.5084	0.9825	1.562	2.1585	2.675	3.0247	3.1484
0.802	0.897	0.6549	0.3227	0.2044	0.3993	0.7628	1.0405	1.0471	0.7744	0.3832	0.1042	0.1144	0.4504	0.9954	1.5343	1.8472	1.8004	1.4011	0.8029	0.2631	0.072	0.4745	1.6066	3.4593	5.8749	8.5744	11.2069	13.4103	14.8731	15.3853
0.8342	0.8835	0.7874	0.7314	0.8365	1.0548	1.2281	1.2197	1.0169	0.7453	0.6007	0.7416	1.2024	1.866	2.5052	2.8726	2.8006	2.2758	1.4623	0.6711	0.2859	0.6705	2.0803	4.5993	8.1138	12.3241	16.79	20.9994	24.4453	26.7021	27.4874
0.8217	0.9557	1.0257	1.073	1.1159	1.1213	1.0467	0.8957	0.7395	0.6901	0.8436	1.2245	1.7597	2.2949	2.6466	2.6697	2.3164	1.667	0.9237	0.3698	0.3078	0.9922	2.5719	5.055	8.3	12.033	15.8862	19.4506	22.3317	24.2039	24.8528
0.8084	0.9997	1.1344	1.1845	1.147	1.0269	0.8499	0.6756	0.588	0.6646	0.9377	1.3703	1.8569	2.2533	2.4229	2.285	1.8494	1.2256	0.6054	0.2251	0.3156	1.0543	2.5279	4.7116	7.4692	10.5701	13.7201	16.601	18.9115	20.4054	20.922
0.8001	1.023	1.1825	1.219	1.1285	0.9433	0.7246	0.5539	0.5126	0.6531	0.9737	1.4099	1.8476	2.1558	2.2277	2.0173	1.5607	0.9755	0.4402	0.1585	0.3182	1.0536	2.419	4.376	6.7965	9.4796	12.177	14.6257	16.5792	17.8381	18.2728
0.7949	1.0364	1.2066	1.2294	1.1044	0.8824	0.6445	0.4821	0.4711	0.6473	0.9891	1.4183	1.819	2.0709	2.0862	1.839	1.3788	0.8255	0.3466	0.1241	0.3191	1.0404	2.3238	4.1244	6.3211	8.7323	11.1391	13.3125	15.04	16.1506	16.5336
0.7916	1.0449	1.22	1.2314	1.0829	0.838	0.5904	0.436	0.4459	0.6441	0.9963	1.4167	1.79	2.0039	1.9835	1.7155	1.2572	0.7284	0.2883	0.1043	0.3194	1.026	2.2487	3.9389	5.9809	8.2066	10.4167	12.4047	13.9805	14.9919	15.3403
0.7893	1.0508	1.2281	1.2303	1.0648	0.8047	0.5519	0.4045	0.4295	0.642	0.9997	1.412	1.7645	1.9515	1.907	1.6261	1.1713	0.6615	0.2495	0.0919	0.3194	1.0131	2.1899	3.7992	5.7295	7.8224	9.8923	11.7488	13.2173	14.1585	14.4825
0.7848	1.0645	1.2425	1.2176	1.0104	0.7174	0.4581	0.3329	0.3951	0.6384	1.0018	1.3865	1.6841	1.8059	1.7079	1.404	0.9656	0.5074	0.1649	0.0682	0.3187	0.9715	2.0273	3.4324	5.0862	6.8544	8.5848	10.1244	11.3353	12.1085	12.3742
0.7843	1.0702	1.2456	1.2076	0.9838	0.6801	0.4217	0.3077	0.3845	0.6377	0.9996	1.3701	1.6444	1.7413	1.6251	1.3162	0.8878	0.452	0.1368	0.0621	0.3181	0.951	1.9562	3.2793	4.8248	6.4676	8.0681	9.4873	10.6007	11.3105	11.5543
0.7849	1.0737	1.2465	1.2005	0.9679	0.6595	0.4028	0.2956	0.3802	0.6377	0.9975	1.3593	1.621	1.7053	1.5808	1.2705	0.8486	0.4251	0.1241	0.06	0.3179	0.9394	1.9174	3.1979	4.6877	6.2666	7.8012	9.1596	10.224	10.902	11.1347
0.7861	1.0763	1.2466	1.1951	0.957	0.6463	0.3915	0.289	0.3784	0.638	0.9958	1.3518	1.6056	1.6825	1.5535	1.2432	0.8258	0.4101	0.1175	0.0595	0.3179	0.9321	1.8937	3.1487	4.6056	6.147	7.6433	8.9664	10.0023	10.6618	10.8882
0.7891	1.0804	1.2463	1.1871	0.9427	0.6304	0.3791	0.2829	0.3778	0.6389	0.9933	1.3418	1.5863	1.6554	1.5225	1.2134	0.8021	0.3955	0.1122	0.0604	0.3187	0.9242	1.8674	3.0947	4.5164	6.018	7.4738	8.7598	9.766	10.4063	10.6259
0.7925	1.0837	1.2457	1.1812	0.9333	0.621	0.373	0.281	0.3789	0.6402	0.9916	1.3352	1.5746	1.64	1.5059	1.1986	0.7914	0.39	0.1115	0.0624	0.3202	0.9208	1.8546	3.0683	4.473	5.9558	7.3926	8.6614	9.6539	10.2853	10.5019
0.7959	1.0868	1.245	1.1763	0.9262	0.6148	0.3697	0.2811	0.3808	0.6416	0.9905	1.3304	1.5665	1.63	1.4961	1.1907	0.7866	0.3886	0.1129	0.0652	0.3223	0.92	1.8485	3.0548	4.4508	5.924	7.3514	8.6117	9.5974	10.2244	10.4396
0.803	1.0922	1.2437	1.1682	0.9156	0.6068	0.3673	0.2838	0.3856	0.6447	0.9889	1.3235	1.5557	1.618	1.4857	1.1842	0.7849	0.3914	0.1187	0.072	0.3279	0.9224	1.8461	3.0464	4.4357	5.9021	7.3229	8.5776	9.559	10.1833	10.3975
0.8065	1.0948	1.243	1.1647	0.9114	0.6041	0.3672	0.2858	0.3882	0.6462	0.9883	1.3208	1.5517	1.6141	1.483	1.1834	0.7862	0.3942	0.1224	0.0759	0.3314	0.9251	1.8478	3.0472	4.4358	5.9018	7.3224	8.577	9.5583	10.1827	10.3969
0.81	1.0972	1.2424	1.1614	0.9075	0.6019	0.3675	0.288	0.3909	0.6477	0.9878	1.3184	1.5483	1.6109	1.4811	1.1835	0.7881	0.3976	0.1265	0.0801	0.3352	0.9284	1.8507	3.0501	4.4389	5.9054	7.3269	8.5823	9.5644	10.1893	10.4037
0.8135	1.0995	1.2416	1.1582	0.904	0.6	0.3681	0.2904	0.3935	0.6492	0.9873	1.3161	1.5452	1.6082	1.4799	1.1842	0.7906	0.4014	0.1309	0.0845	0.3393	0.9323	1.8546	3.0544	4.4441	5.9119	7.3348	8.5917	9.5751	10.2008	10.4154
0.8169	1.1018	1.2409	1.1551	0.9007	0.5984	0.3689	0.2929	0.3962	0.6506	0.9868	1.3139	1.5424	1.6059	1.4791	1.1853	0.7935	0.4055	0.1356	0.0892	0.3438	0.9366	1.8593	3.0599	4.451	5.9205	7.3453	8.6041	9.5889	10.2156	10.4306
0.8203	1.1039	1.2401	1.1521	0.8976	0.5971	0.3699	0.2955	0.3988	0.6519	0.9863	1.3118	1.5397	1.6039	1.4787	1.1868	0.7967	0.4098	0.1404	0.0941	0.3486	0.9415	1.8646	3.0663	4.459	5.9306	7.3577	8.6186	9.6052	10.233	10.4484
0.8335	1.1118	1.2365	1.1404	0.8862	0.5931	0.375	0.3062	0.4092	0.6567	0.9835	1.3033	1.5297	1.5972	1.4788	1.1948	0.8116	0.4293	0.1619	0.1159	0.3706	0.9648	1.8914	3.0991	4.5001	5.9817	7.4193	8.6901	9.6847	10.3178	10.535
0.8495	1.12	1.2306	1.1258	0.8735	0.5903	0.3833	0.3206	0.4218	0.6614	0.9785	1.2914	1.5168	1.5895	1.4805	1.2072	0.8333	0.4571	0.193	0.1485	0.4046	1.002	1.9346	3.1515	4.5646	6.0601	7.5119	8.7957	9.8008	10.4407	10.6603
0.8654	1.1268	1.223	1.1104	0.8617	0.5898	0.3945	0.3373	0.4355	0.6658	0.9718	1.2772	1.5015	1.58	1.4815	1.2204	0.8574	0.4893	0.2302	0.1888	0.4478	1.0493	1.9883	3.2142	4.6385	6.1463	7.6107	8.9058	9.92	10.5656	10.7872
0.8827	1.1328	1.2134	1.094	0.8513	0.5935	0.4117	0.3602	0.454	0.6722	0.9641	1.2591	1.4806	1.5645	1.4779	1.2316	0.8832	0.5273	0.2772	0.2422	0.506	1.1116	2.0549	3.2855	4.7149	6.228	7.6971	8.9964	10.0137	10.6614	10.8836
0.9054	1.1392	1.2012	1.0763	0.8453	0.6088	0.446	0.402	0.4884	0.6878	0.9565	1.232	1.4436	1.5298	1.4567	1.2318	0.9082	0.5767	0.3476	0.3279	0.5999	1.2064	2.143	3.3602	4.7706	6.2611	7.7067	8.9839	9.9832	10.6191	10.8373
0.927	1.1443	1.1909	1.0653	0.8495	0.6361	0.4927	0.4556	0.5333	0.7109	0.9515	1.2004	1.3941	1.4758	1.4126	1.2104	0.9181	0.621	0.4232	0.426	0.707	1.3057	2.217	3.3924	4.7481	6.1761	7.5577	8.7761	9.7283	10.3336	10.5413
0.9502	1.1473	1.1796	1.0582	0.8645	0.6801	0.5594	0.5288	0.5935	0.7412	0.9424	1.1524	1.3174	1.3879	1.3347	1.1626	0.9154	0.6697	0.5192	0.5546	0.8447	1.4232	2.2831	3.3784	4.6316	5.9442	7.2088	8.3208	9.1879	9.7384	9.927
0.9664	1.1464	1.1694	1.0552	0.8824	0.7229	0.6202	0.5932	0.6444	0.7638	0.9283	1.1017	1.239	1.298	1.2535	1.1098	0.9057	0.7094	0.6037	0.6687	0.964	1.5176	2.3209	3.3307	4.4763	5.6692	6.8136	7.8166	8.5969	9.0917	9.2611
0.9852	1.1369	1.1498	1.0532	0.9177	0.7985	0.7219	0.6961	0.7203	0.7889	0.8892	0.9989	1.0885	1.1285	1.1007	1.0087	0.8823	0.7733	0.7453	0.8583	1.156	1.6565	2.3492	3.1971	4.1424	5.1147	6.0391	6.844	7.4674	7.8613	7.9961
0.9908	1.0928	1.1026	1.0538	0.9926	0.9407	0.8979	0.858	0.8188	0.7844	0.7608	0.752	0.7564	0.7685	0.7828	0.7995	0.8285	0.8883	1.0025	1.1928	1.473	1.8449	2.2976	2.8087	3.3482	3.8817	4.3745	4.7946	5.1152	5.3159	5.3843
0.8773	0.9241	0.9895	1.0591	1.1099	1.1142	1.0542	0.9289	0.7526	0.5505	0.3549	0.2018	0.1244	0.1451	0.2682	0.4793	0.7485	1.0383	1.3124	1.5415	1.7073	1.8034	1.8338	1.8098	1.7472	1.6629	1.5727	1.4898	1.4241	1.3822	1.3679
0.7321	0.8079	0.9425	1.0586	1.099	1.0409	0.8957	0.696	0.4784	0.2756	0.1151	0.022	0.0162	0.1059	0.2815	0.5154	0.769	1.003	1.1879	1.3102	1.3734	1.3943	1.396	1.4012	1.4259	1.4763	1.5488	1.631	1.7068	1.7601	1.7793
0.679	0.783	0.9423	1.0564	1.0654	0.9605	0.773	0.5522	0.3435	0.1784	0.0765	0.0495	0.102	0.228	0.4078	0.61	0.8001	0.9505	1.0496	1.1044	1.1378	1.1814	1.2654	1.4108	1.6233	1.8914	2.1887	2.4787	2.7221	2.8841	2.9409
0.6277	0.7796	0.9618	1.0515	0.998	0.8197	0.5783	0.3444	0.1722	0.0885	0.097	0.1857	0.3325	0.5069	0.6734	0.798	0.8586	0.854	0.8075	0.7635	0.7773	0.902	1.1752	1.6094	2.1878	2.8654	3.5756	4.2407	4.7832	5.1378	5.261
0.619	0.7859	0.9717	1.0497	0.9747	0.7745	0.5195	0.2859	0.1292	0.0744	0.1197	0.2456	0.4212	0.6084	0.7668	0.8625	0.8782	0.8223	0.7299	0.6578	0.6713	0.8297	1.172	1.707	2.4097	3.224	4.0705	4.8581	5.4976	5.9145	6.0592
0.614	0.7948	0.9824	1.0479	0.9522	0.7323	0.4661	0.2345	0.0939	0.0671	0.1474	0.3079	0.5099	0.7079	0.8573	0.9244	0.897	0.7924	0.6576	0.5606	0.5762	0.7693	1.1794	1.8117	2.6334	3.5776	4.5527	5.4557	6.1863	6.6615	6.8263
0.6121	0.8056	0.9934	1.0461	0.9311	0.6937	0.4187	0.1904	0.0659	0.0657	0.1783	0.3705	0.5961	0.8031	0.943	0.9825	0.9145	0.765	0.5917	0.4732	0.4929	0.7202	1.1954	1.9195	2.8524	3.9172	5.0113	6.0205	6.8349	7.3635	7.5467
0.6129	0.8175	1.0043	1.0444	0.9116	0.659	0.3772	0.1533	0.0444	0.0689	0.211	0.4317	0.678	0.8922	1.0225	1.0361	0.9306	0.7402	0.5325	0.3959	0.4211	0.6816	1.2178	2.027	3.0619	4.2368	5.439	6.5444	7.4343	8.0112	8.2109
0.6157	0.83	1.015	1.0428	0.8938	0.6283	0.3415	0.1227	0.0287	0.0757	0.2444	0.4903	0.7546	0.9745	1.0953	1.0847	0.9451	0.7181	0.4803	0.3285	0.3602	0.6523	1.2449	2.1316	3.2589	4.5328	5.8318	7.0231	7.9804	8.6001	8.8146
0.62	0.8428	1.0252	1.0412	0.8778	0.6014	0.3112	0.0979	0.0178	0.0853	0.2774	0.5454	0.8252	1.0494	1.161	1.1285	0.9582	0.6987	0.4347	0.2706	0.3094	0.631	1.275	2.2317	3.4417	4.8038	6.1885	7.4557	8.4723	9.1297	9.3571
0.6255	0.8556	1.0347	1.0398	0.8635	0.578	0.2857	0.0781	0.011	0.0967	0.3096	0.5968	0.8897	1.117	1.2198	1.1674	0.9699	0.6819	0.3952	0.2211	0.2675	0.6164	1.307	2.3262	3.6096	5.0495	6.5097	7.8433	8.9117	9.6021	9.8407
0.6317	0.868	1.0436	1.0384	0.8508	0.5578	0.2644	0.0627	0.0075	0.1095	0.3405	0.6441	0.9481	1.1778	1.2723	1.2019	0.9802	0.6673	0.3613	0.1793	0.2334	0.6074	1.3398	2.4147	3.7629	5.2711	6.7971	8.1886	9.302	10.0209	10.2694
0.6385	0.8799	1.0519	1.0371	0.8395	0.5404	0.2468	0.0509	0.0066	0.123	0.3697	0.6876	1.0008	1.2319	1.3188	1.2323	0.9893	0.6548	0.3324	0.1443	0.206	0.6029	1.3727	2.4968	3.9019	5.4698	7.0531	8.4946	9.647	10.3905	10.6473
0.6456	0.8913	1.0595	1.0359	0.8296	0.5256	0.2325	0.0422	0.0078	0.1369	0.3973	0.7272	1.0481	1.2801	1.3599	1.2591	0.9974	0.6442	0.3079	0.115	0.1843	0.602	1.4052	2.5727	4.0277	5.6475	7.2804	8.7652	9.9511	10.7158	10.9798
0.6806	0.9391	1.0885	1.0309	0.7952	0.4789	0.1937	0.0284	0.0311	0.2042	0.5093	0.877	1.22	1.4507	1.5027	1.3512	1.0259	0.6115	0.2329	0.0311	0.1337	0.6298	1.5521	2.8702	4.4943	6.2875	8.0839	9.7097	11.0037	11.8363	12.1235
0.7107	0.973	1.1065	1.0269	0.7766	0.4591	0.185	0.0387	0.064	0.26	0.5859	0.9692	1.3191	1.545	1.5793	1.3998	1.0422	0.5992	0.2045	0.0056	0.1338	0.678	1.6675	3.0659	4.7766	6.6553	8.53	10.2215	11.5649	12.4281	12.7257
0.7536	1.0146	1.1248	1.0206	0.7597	0.4496	0.1957	0.0743	0.1226	0.3369	0.6755	1.0653	1.4143	1.6303	1.6462	1.4423	1.0599	0.599	0.2	0.015	0.1767	0.772	1.8253	3.2941	5.0752	7.0192	8.9497	10.6855	12.0606	12.9427	13.2465
0.7811	1.0374	1.132	1.015	0.7525	0.452	0.2133	0.1066	0.1649	0.3835	0.7218	1.1084	1.4522	1.6617	1.67	1.4588	1.0711	0.6093	0.2159	0.0438	0.2254	0.8455	1.9257	3.4205	5.2244	7.1862	9.1293	10.873	12.2524	13.1363	13.4407
0.7998	1.051	1.1343	1.0097	0.7482	0.4564	0.2292	0.1319	0.1948	0.4131	0.7478	1.1294	1.4685	1.6743	1.6801	1.4677	1.0808	0.6223	0.2354	0.0733	0.2675	0.9017	1.996	3.5031	5.3163	7.284	9.2298	10.9737	12.3521	13.2349	13.5388
0.8312	1.0688	1.1299	0.9936	0.7386	0.4665	0.2614	0.1787	0.2443	0.4548	0.7765	1.146	1.4778	1.6825	1.6926	1.4878	1.1105	0.6633	0.2897	0.1438	0.3573	1.0129	2.1293	3.6571	5.4879	7.4691	9.4239	11.173	12.5538	13.4374	13.7414
0.8375	1.0711	1.1268	0.9881	0.7353	0.4684	0.2684	0.1884	0.2534	0.4608	0.7787	1.1453	1.4764	1.6828	1.6962	1.4952	1.1213	0.6768	0.3056	0.1623	0.3791	1.0394	2.1616	3.6963	5.5345	7.523	9.4845	11.2392	12.6242	13.5105	13.8153
0.8427	1.0725	1.1231	0.9825	0.7319	0.4697	0.2742	0.1964	0.2604	0.4647	0.7789	1.1431	1.4743	1.683	1.7002	1.5032	1.1327	0.6905	0.3208	0.179	0.3984	1.0628	2.1909	3.7331	5.58	7.5774	9.5475	11.3097	12.7004	13.5903	13.8964
0.8589	1.0707	1.1002	0.9523	0.7122	0.47	0.292	0.2199	0.2765	0.465	0.7636	1.121	1.4585	1.6858	1.7275	1.5533	1.1977	0.7611	0.3903	0.2471	0.4716	1.1536	2.3148	3.9055	5.8128	7.8774	9.9148	11.7377	13.1766	14.0974	14.4142
0.8666	1.0606	1.0712	0.9182	0.6888	0.4644	0.2998	0.2297	0.2761	0.4479	0.7328	1.0882	1.4395	1.6938	1.7675	1.6202	1.2784	0.8405	0.4582	0.3023	0.5242	1.223	2.4259	4.0837	6.0792	8.2449	10.386	12.304	13.8193	14.7894	15.1232
0.8696	1.0443	1.0361	0.8792	0.6617	0.4553	0.303	0.2329	0.2668	0.4203	0.6912	1.0469	1.4176	1.707	1.8213	1.7065	1.3793	0.9352	0.532	0.3533	0.5658	1.2819	2.5372	4.2835	6.3983	8.7027	10.9874	13.0381	14.6604	15.6998	16.0577
0.8688	1.0216	0.9935	0.8339	0.6305	0.4436	0.3039	0.2323	0.2513	0.3834	0.6384	0.9954	1.3911	1.7255	1.8916	1.8184	1.5085	1.0533	0.6184	0.4042	0.5984	1.3325	2.654	4.5174	6.7928	9.2865	11.7685	14.0027	15.7733	16.9091	17.3004
0.8641	0.991	0.9411	0.7803	0.5943	0.4296	0.3034	0.2293	0.2302	0.3364	0.5716	0.9299	1.3571	1.7498	1.9846	1.967	1.6802	1.2084	0.7264	0.4578	0.62	1.3721	2.7797	4.8023	7.3007	10.06	12.8214	15.3164	17.2988	18.5726	19.0116
0.8591	0.9675	0.9034	0.743	0.5696	0.4201	0.3028	0.2267	0.2149	0.3026	0.5228	0.881	1.3308	1.7674	2.0553	2.0818	1.8138	1.3287	0.8079	0.493	0.6256	1.3876	2.8607	5.0091	7.6869	10.6619	13.6516	16.3607	18.5175	19.9051	20.3836
0.8545	0.9491	0.8748	0.7153	0.5516	0.4133	0.3024	0.2248	0.2036	0.2773	0.4856	0.8431	1.3098	1.7806	2.1108	2.1732	1.9208	1.4253	0.8725	0.5185	0.6248	1.3927	2.9174	5.1677	7.9924	11.1455	14.3243	17.2113	19.5134	20.9957	21.5073
0.8487	0.9281	0.843	0.685	0.5322	0.4061	0.302	0.2228	0.1915	0.2496	0.444	0.7998	1.2851	1.795	2.1747	2.2798	2.0468	1.5393	0.9481	0.5464	0.6193	1.392	2.9765	5.3479	8.3488	11.7166	15.1245	18.2276	20.7063	22.3042	22.8559
0.8414	0.9036	0.8071	0.6517	0.5113	0.3984	0.3016	0.2209	0.1786	0.2191	0.3973	0.7499	1.2555	1.8107	2.2491	2.4059	2.1973	1.6763	1.0386	0.5777	0.6077	1.3834	3.0383	5.5556	8.7713	12.4024	16.0925	19.4625	22.1598	23.9007	24.5022
0.8323	0.875	0.7664	0.6148	0.4887	0.3903	0.3014	0.219	0.1651	0.1859	0.3445	0.6918	1.2197	1.8276	2.3367	2.5574	2.3803	1.8439	1.1493	0.6139	0.5881	1.3639	3.1028	5.7994	9.2818	13.2421	17.2864	20.9924	23.9656	25.8874	26.5517
0.8206	0.841	0.7198	0.5739	0.4644	0.3818	0.3012	0.2175	0.1513	0.1499	0.2848	0.6237	1.1757	1.8459	2.4415	2.7427	2.6071	2.0538	1.2884	0.6577	0.558	1.3293	3.1702	6.0913	9.9121	14.2931	18.7922	22.9313	26.2606	28.4163	29.162
0.8136	0.8214	0.6938	0.5518	0.4517	0.3775	0.3011	0.2169	0.1445	0.1311	0.2522	0.5852	1.1499	1.8555	2.5019	2.8515	2.7419	2.1797	1.3723	0.6838	0.5379	1.3044	3.205	6.2608	10.2864	14.9235	19.7007	24.1051	27.6533	29.9526	30.7485
0.8055	0.7999	0.6658	0.5285	0.4387	0.3732	0.3011	0.2164	0.138	0.1119	0.2178	0.5434	1.121	1.8655	2.5688	2.9737	2.8947	2.3234	1.4686	0.7137	0.5139	1.2732	3.2406	6.4497	10.7104	15.6426	20.7411	25.4528	29.2547	31.7209	32.575
0.7855	0.7493	0.6031	0.479	0.4126	0.3649	0.3008	0.2161	0.1267	0.0743	0.1445	0.4492	1.0526	1.8862	2.7262	3.2682	3.2688	2.6799	1.7109	0.7904	0.452	1.1866	3.3137	6.9017	11.7501	17.4256	23.3371	28.8294	33.2771	36.1688	37.1712
0.7581	0.6861	0.5306	0.4275	0.3893	0.3582	0.2998	0.2168	0.1212	0.0432	0.07	0.3422	0.9681	1.9081	2.9239	3.6514	3.7677	3.1661	2.0496	0.9044	0.3691	1.0569	3.3893	7.4883	13.1443	19.8525	26.9024	33.4932	38.8533	42.3476	43.5605
0.7405	0.6486	0.4911	0.4031	0.3809	0.3564	0.2987	0.2177	0.1229	0.0345	0.037	0.2865	0.9201	1.9195	3.0413	3.8861	4.0804	3.4772	2.2721	0.9847	0.3203	0.9713	3.4278	7.8498	14.0243	21.4021	29.1949	36.5062	42.4666	46.3582	47.7101
0.7195	0.6067	0.4506	0.3822	0.3771	0.3564	0.2968	0.2188	0.1296	0.035	0.0123	0.2335	0.8698	1.9313	3.1726	4.155	4.4455	3.8471	2.5428	1.0891	0.2689	0.8699	3.4666	8.2676	15.0591	23.2398	31.9286	40.1122	46.8015	51.1765	52.6975
0.6943	0.5604	0.4112	0.3684	0.3812	0.3596	0.2934	0.2201	0.1442	0.0509	0.0038	0.19	0.8208	1.9438	3.3171	4.4601	4.8695	4.2864	2.874	1.2275	0.2199	0.7532	3.5059	8.7493	16.2729	25.4158	35.1854	44.4263	52.0022	56.9663	58.6936
0.6643	0.5108	0.3771	0.368	0.3984	0.3678	0.2878	0.2213	0.1705	0.0918	0.0248	0.1682	0.7801	1.9576	3.4713	4.7979	5.3539	4.8033	3.2786	1.4138	0.1835	0.6256	3.5458	9.2969	17.6786	27.9632	39.0262	49.54	58.1878	63.866	65.8439
0.6291	0.4609	0.3563	0.3912	0.4367	0.3838	0.2787	0.2217	0.2141	0.1723	0.0967	0.1896	0.7616	1.9742	3.6248	5.1525	5.8855	5.3945	3.7659	1.6659	0.1795	0.5001	3.5872	9.8977	19.2534	30.8558	43.4286	55.4403	65.3565	71.8829	74.1588
0.5896	0.4177	0.3621	0.4534	0.5072	0.4113	0.2641	0.2199	0.2819	0.3124	0.2511	0.289	0.7897	1.9959	3.7545	5.4823	6.4194	6.0289	4.3296	2.0037	0.2424	0.4065	3.6322	10.5059	20.8903	33.921	48.1582	61.8407	73.1832	80.6683	83.2818
0.518	0.4091	0.5342	0.7666	0.7884	0.5145	0.2119	0.2008	0.5062	0.8454	0.9544	0.9116	1.1397	2.0722	3.7536	5.6806	7.0064	6.9898	5.4417	2.9495	0.7877	0.5655	3.7524	11.2392	23.0566	38.3059	55.3015	71.8732	85.7524	94.9722	98.2019
0.5064	0.4797	0.7278	1.0225	0.9909	0.5855	0.176	0.179	0.6434	1.2176	1.5094	1.4818	1.5225	2.1358	3.5088	5.281	6.6762	6.9189	5.6999	3.4581	1.3569	0.9757	3.8415	10.9618	22.4943	37.6309	54.7099	71.5149	85.6811	95.1309	98.4481
0.5115	0.5363	0.8446	1.16	1.0931	0.6204	0.1582	0.165	0.7052	1.4022	1.8048	1.8072	1.7568	2.1739	3.3182	4.9259	6.2955	6.6671	5.679	3.6718	1.7028	1.2759	3.8953	10.5981	21.609	36.1991	52.777	69.1735	83.0466	92.3232	95.5834
0.5242	0.6036	0.9655	1.2919	1.1865	0.6517	0.1419	0.1499	0.7559	1.5689	2.0873	2.1345	2.0037	2.2149	3.0941	4.4854	5.7856	6.2737	5.547	3.8374	2.0671	1.6251	3.9545	10.0983	20.3447	34.0633	49.7708	65.3952	78.669	87.5683	90.6999
0.5436	0.6769	1.0822	1.4092	1.2649	0.6771	0.1283	0.1344	0.7919	1.7063	2.3381	2.4428	2.2481	2.2573	2.8522	3.9889	5.1795	5.7644	5.3127	3.9452	2.4284	2.0032	4.0179	9.4967	18.7837	31.3605	45.8833	60.4206	72.8265	81.1682	84.1078
0.5679	0.7509	1.1873	1.505	1.3239	0.6955	0.118	0.1195	0.8115	1.8072	2.5434	2.7141	2.4758	2.2996	2.6099	3.4713	4.5215	5.1782	4.9978	3.9936	2.7664	2.3875	4.0839	8.8389	17.0426	28.2938	41.4092	54.6304	65.9699	73.6193	76.3193
0.6226	0.883	1.3437	1.6213	1.3808	0.7104	0.1077	0.0935	0.8048	1.8956	2.7964	3.1079	2.8434	2.3793	2.1817	2.5015	3.2235	3.947	4.2414	3.9394	3.3199	3.0975	4.2178	7.5372	13.5031	21.938	31.9973	42.3103	51.2619	57.3469	59.5027
0.7141	1.0349	1.4446	1.6154	1.3223	0.6825	0.1155	0.0619	0.6856	1.763	2.8114	3.361	3.2077	2.5122	1.7009	1.2313	1.3539	2.0009	2.8539	3.5499	3.9092	4.0713	4.4735	5.6832	8.1589	12.0353	17.013	22.3914	27.231	30.5958	31.801
0.7612	1.0689	1.3913	1.4792	1.1895	0.633	0.1354	0.048	0.5433	1.5061	2.568	3.2711	3.2939	2.6288	1.6075	0.7448	0.4818	0.9694	2.0127	3.1972	4.1174	4.5862	4.7207	4.8779	5.4794	6.8104	8.8784	11.3818	13.7971	15.5463	16.1847
0.777	1.0486	1.2952	1.3325	1.0665	0.5902	0.1538	0.0406	0.4256	1.2741	2.3146	3.122	3.3108	2.754	1.6925	0.6442	0.1495	0.4977	1.5907	3.0115	4.2451	4.9251	4.9849	4.6543	4.3244	4.3556	4.9177	5.9233	7.0712	7.9743	8.3158
0.7749	1.0064	1.1953	1.2046	0.9676	0.5578	0.1692	0.035	0.3327	1.0891	2.1104	3.004	3.3409	2.9024	1.8527	0.7012	0.054	0.2992	1.4115	2.9784	4.4161	5.2453	5.2871	4.6998	3.8646	3.1937	2.9533	3.1729	3.6651	4.1351	4.3255
0.7616	0.9545	1.1006	1.0964	0.8894	0.5345	0.1828	0.0304	0.2575	0.9426	1.9577	2.9369	3.4126	3.0852	2.0532	0.8221	0.0579	0.233	1.3784	3.0767	4.6811	5.6227	5.6459	4.8744	3.7041	2.6004	1.8999	1.6989	1.8609	2.1227	2.2421
0.7399	0.8966	1.0115	1.0037	0.8263	0.5182	0.1965	0.027	0.194	0.8237	1.8486	2.9243	3.5397	3.3143	2.2874	0.9715	0.102	0.2362	1.45	3.304	5.0755	6.1066	6.0829	5.1219	3.6631	2.2406	1.2554	0.8425	0.873	1.0691	1.1694
0.7104	0.8335	0.9264	0.9221	0.774	0.5078	0.2126	0.0266	0.1386	0.724	1.7766	2.9688	3.7355	3.6056	2.5613	1.1378	0.1606	0.283	1.618	3.6798	5.6428	6.7466	6.6263	5.4227	3.6552	1.954	0.7905	0.3183	0.3764	0.6264	0.7522
0.6499	0.7281	0.8038	0.8141	0.7086	0.5023	0.2482	0.0386	0.0676	0.5977	1.7309	3.1593	4.2015	4.2113	3.0787	1.4164	0.252	0.4265	2.0946	4.6322	6.9734	8.1502	7.7337	5.9729	3.6099	1.5052	0.2648	0.0291	0.4906	1.1028	1.3721
0.5966	0.6508	0.7261	0.7493	0.6693	0.5054	0.287	0.0643	0.0305	0.5235	1.7421	3.3902	4.6718	4.7781	3.5274	1.6264	0.3092	0.5901	2.6386	5.6652	8.3522	9.5363	8.7584	6.4195	3.522	1.1721	0.0965	0.3806	1.5118	2.6754	3.1569
0.4942	0.5342	0.6287	0.6641	0.6076	0.5203	0.3918	0.1638	0.0075	0.4227	1.8257	3.9463	5.725	5.9911	4.4252	1.9843	0.3903	1.034	4.0625	8.2452	11.654	12.7025	10.9439	7.2411	3.293	0.8149	0.7764	3.026	6.4214	9.369	10.5251
0.3821	0.4729	0.6122	0.6075	0.5193	0.5418	0.604	0.4225	0.084	0.3382	1.9705	4.7692	7.2579	7.6991	5.5927	2.3477	0.4877	1.9552	6.7478	12.8064	17.1761	17.6684	14.0555	8.1977	3.1286	1.6247	4.9463	12.2883	21.1157	28.1978	30.8955
0.3656	0.639	0.8109	0.6108	0.3625	0.5354	0.9559	0.9404	0.3721	0.2961	2.0048	5.4184	8.5946	9.1503	6.4289	2.4395	0.6528	3.5418	10.7083	18.9133	23.9462	23.1115	16.8658	8.7614	3.8161	6.1859	17.229	34.7796	53.8643	68.5258	74.0139

