The data were generated by SigmaCalc version 2.0. Update of 03-09-2014. File created 13-8-2020.
O-16(aa) at 173.1 deg.
 keV     RTR
1769.0	 1.0069
1819.0	 1.0073
1857.0	 1.0070
1870.0	 1.0069
1920.0	 1.0067
1970.0	 1.0064
2050.0	 1.0057
2100.0	 1.0047
2150.0	 1.0029
2200.0	 0.9997
2250.0	 0.9941
2300.0	 0.9838
2400.0	 0.9148
2450.0	 0.7456
2460.0	 0.6643
2465.0	 0.6166
2470.0	 0.5780
2475.0	 0.5963
2480.0	 0.8069
2481.0	 0.8892
2482.0	 0.9863
2483.0	 1.0963
2484.0	 1.2155
2485.0	 1.3388
2486.0	 1.4599
2487.0	 1.5726
2488.0	 1.6718
2489.0	 1.7540
2490.0	 1.8179
2491.0	 1.8637
2495.0	 1.9086
2500.0	 1.8198
2505.0	 1.7094
2510.0	 1.6161
2520.0	 1.4859
2530.0	 1.4051
2550.0	 1.3149
2600.0	 1.2323
2650.0	 1.2101
2700.0	 1.2096
2750.0	 1.2229
2830.0	 1.2757
2870.0	 1.3265
2915.0	 1.4279
2965.0	 1.7052
2981.0	 1.9106
2988.0	 2.0476
2994.0	 2.2047
3000.0	 2.4192
3004.0	 2.6109
3008.0	 2.8620
3012.0	 3.2032
3016.0	 3.6890
3020.0	 4.4245
3024.0	 5.6352
3026.0	 6.5659
3028.0	 7.8710
3030.0	 9.7736
3032.0	 12.6514
3033.0	 14.6250
3034.0	 17.0491
3035.0	 19.9356
3036.0	 23.1202
3037.0	 26.0785
3038.0	 27.8166
3039.0	 27.2647
3040.0	 24.2365
3041.0	 19.7755
3042.0	 15.2363
3043.0	 11.4096
3044.0	 8.4750
3045.0	 6.3187
3046.0	 4.7583
3048.0	 2.8059
3052.0	 1.1559
3056.0	 0.6030
3060.0	 0.4024
3066.0	 0.3133
3072.0	 0.2747
3078.0	 0.0493
3100.0	 0.6668
3150.0	 0.8412
3200.0	 0.9563
3250.0	 1.0660
3300.0	 1.2558
3310.0	 1.3276
3320.0	 1.4288
3330.0	 1.5836
3340.0	 1.8500
3350.0	 2.3980
3355.0	 2.9360
3360.0	 3.8924
3365.0	 5.6525
3366.0	 6.1150
3367.0	 6.5880
3368.0	 7.0353
3369.0	 7.4026
3370.0	 7.6213
3371.0	 7.6255
3372.0	 7.3773
3373.0	 6.8896
3374.0	 6.2257
3375.0	 5.4757
3376.0	 4.7238
3377.0	 4.0284
3380.0	 2.4819
3385.0	 1.3026
3390.0	 0.8927
3400.0	 0.6906
3410.0	 0.6792
3430.0	 0.7302
3440.0	 0.7568
3470.0	 0.8200
3500.0	 0.8649
3530.0	 0.8993
3560.0	 0.9276
3600.0	 0.9603
3630.0	 0.9827
3660.0	 1.0046
3700.0	 1.0343
3730.0	 1.0583
3760.0	 1.0852
3800.0	 1.1311
3820.0	 1.1641
3840.0	 1.2158
3850.0	 1.2593
3860.0	 1.3355
3870.0	 1.5227
3875.0	 1.7931
3880.0	 2.9176
3881.0	 3.6680
3882.0	 5.1391
3883.0	 7.9976
3884.0	 8.2459
3885.0	 3.1312
3886.0	 1.2277
3887.0	 0.7564
3888.0	 0.6469
3889.0	 0.6387
3900.0	 0.8940
3905.0	 0.9508
3910.0	 0.9900
3920.0	 1.0421
3940.0	 1.1033
3970.0	 1.1613
4040.0	 1.2677
4100.0	 1.3638
4130.0	 1.4178
4160.0	 1.4770
4190.0	 1.5426
4220.0	 1.6154
4250.0	 1.6967
4280.0	 1.7876
4310.0	 1.8896
4340.0	 2.0041
4370.0	 2.1330
4400.0	 2.2781
4430.0	 2.4414
4470.0	 2.6916
4500.0	 2.9068
4530.0	 3.1482
4560.0	 3.4183
4590.0	 3.7196
4620.0	 4.0539
4650.0	 4.4225
4680.0	 4.8260
4700.0	 5.1142
4730.0	 5.5738
4760.0	 6.0638
4790.0	 6.5798
4820.0	 7.1169
4850.0	 7.6703
4880.0	 8.2376
4910.0	 8.8253
4940.0	 9.4686
4950.0	 9.7155
4960.0	 10.0002
4970.0	 10.3596
4980.0	 10.8989
4985.0	 11.3366
4988.0	 11.7224
4990.0	 12.0734
4992.0	 12.5511
4993.0	 12.8628
4994.0	 13.2461
4995.0	 13.7294
4996.0	 14.3572
4997.0	 15.2025
4998.0	 16.3871
4999.0	 18.1149
5000.0	 20.6322
5001.0	 23.3549
5003.0	 9.9336
5004.0	 5.4756
5005.0	 5.0728
5007.0	 6.1097
5010.0	 7.3622
5015.0	 8.4366
5020.0	 9.0082
5030.0	 9.6563
5040.0	 10.0705
5050.0	 10.4028
5060.0	 10.7069
5070.0	 11.0109
5080.0	 11.3372
5090.0	 11.7109
5100.0	 12.1679
5110.0	 12.7700
5120.0	 13.6366
5125.0	 14.2414
5130.0	 15.0337
5135.0	 16.1136
5140.0	 17.6528
5145.0	 19.9458
5150.0	 23.4170
5155.0	 27.9791
5160.0	 29.5894
5161.0	 28.7893
5162.0	 27.5503
5163.0	 25.9477
5165.0	 22.1415
5170.0	 14.0060
5175.0	 10.2407
5180.0	 8.8591
5185.0	 8.4092
5190.0	 8.3176
5200.0	 8.4704
5240.0	 9.3405
5280.0	 9.9113
5320.0	 10.4754
5360.0	 11.7289
5370.0	 12.5678
5380.0	 14.3638
5390.0	 20.8363
5391.0	 22.4998
5392.0	 24.6918
5393.0	 27.6814
5394.0	 31.9360
5395.0	 38.2809
5396.0	 48.0813
5397.0	 62.3129
5398.0	 72.1732
5399.0	 49.8682
5400.0	 18.5256
5405.0	 1.0447
5410.0	 3.5318
5420.0	 5.8807
5425.0	 6.4511
5430.0	 6.8384
5435.0	 7.1065
5440.0	 7.2888
5445.0	 7.4022
5450.0	 7.4524
5455.0	 7.4350
5460.0	 7.3311
5465.0	 7.0942
5470.0	 6.6054
5475.0	 5.4953
5480.0	 2.2845
5481.0	 1.4740
5482.0	 2.9160
5483.0	 14.4205
5484.0	 26.0063
5485.0	 23.6278
5486.0	 19.9463
5487.0	 17.4516
5488.0	 15.8098
5489.0	 14.6816
5490.0	 13.8699
5495.0	 11.8716
5500.0	 11.0932
5505.0	 10.6944
5510.0	 10.4599
5520.0	 10.2103
5530.0	 10.0920
5540.0	 10.0325
5560.0	 9.9922
5570.0	 9.9916
5580.0	 9.9981
5590.0	 10.0092
5600.0	 10.0238
5610.0	 10.0408
5650.0	 10.1240
5700.0	 10.2448
5750.0	 10.3680
5800.0	 10.4631
5850.0	 10.4245
5880.0	 10.1484
5900.0	 9.5700
5910.0	 8.9404
5920.0	 7.7410
5930.0	 5.2548
5940.0	 1.3951
5945.0	 1.7434
5947.0	 2.8339
5950.0	 5.0285
5951.0	 5.7861
5952.0	 6.5152
5953.0	 7.2009
5954.0	 7.8338
5955.0	 8.4096
5956.0	 8.9277
5957.0	 9.3899
5958.0	 9.8001
5959.0	 10.1621
5960.0	 10.4809
5965.0	 11.5807
5970.0	 12.1633
5980.0	 12.6721
5990.0	 12.8653
6000.0	 12.9643
6030.0	 13.1665
6040.0	 13.2388
6050.0	 13.3175
6100.0	 13.8152
6150.0	 14.4920
6200.0	 15.3811
6250.0	 16.5608
6300.0	 18.1817
6330.0	 19.4792
6350.0	 20.5407
6370.0	 21.8136
6390.0	 23.3659
6410.0	 25.2968
6430.0	 27.7536
6440.0	 29.2456
6450.0	 30.9624
6470.0	 35.2789
6490.0	 41.2715
6500.0	 45.1593
6510.0	 49.8281
6520.0	 55.4356
6530.0	 62.1142
6540.0	 69.8682
6550.0	 78.3561
6570.0	 92.1192
6580.0	 92.2036
6585.0	 89.4478
6590.0	 84.8080
6595.0	 78.5789
6600.0	 71.2429
6610.0	 55.4528
6630.0	 29.5425
6650.0	 14.9933
6670.0	 7.6834
6690.0	 3.9780
6710.0	 2.0290
6730.0	 0.9939
6750.0	 0.5317
6780.0	 0.8883
6800.0	 2.2816
6830.0	 8.4004
6860.0	 25.9071
6890.0	 63.8279
