The data were generated by SigmaCalc version 2.0. Update of 26-03-2013. File created 1-9-2020.
Si-nat(aa) at 172.8 deg.
 keV     mb/sr(lab)
3000.0	 109.0483
3010.0	 108.3290
3020.0	 107.6155
3030.0	 106.9079
3040.0	 106.2062
3050.0	 105.5111
3060.0	 104.8227
3070.0	 104.1401
3080.0	 103.4642
3090.0	 102.7941
3100.0	 102.1307
3110.0	 101.4739
3120.0	 100.8230
3130.0	 100.1773
3140.0	 99.5381
3150.0	 98.9049
3160.0	 98.2776
3170.0	 97.6554
3180.0	 97.0391
3190.0	 96.4287
3200.0	 95.8235
3210.0	 95.2241
3220.0	 94.6299
3230.0	 94.0409
3240.0	 93.4570
3250.0	 92.8790
3260.0	 92.3046
3270.0	 91.7362
3280.0	 91.1729
3290.0	 90.6141
3300.0	 90.0604
3310.0	 89.5111
3320.0	 88.9662
3330.0	 88.4258
3340.0	 87.8905
3350.0	 87.3588
3360.0	 86.8324
3370.0	 86.3096
3380.0	 85.7905
3390.0	 85.2765
3400.0	 84.7663
3410.0	 84.2597
3420.0	 83.7568
3430.0	 83.2583
3440.0	 82.7635
3450.0	 82.2717
3460.0	 81.7842
3470.0	 81.2997
3480.0	 80.8182
3490.0	 80.3403
3500.0	 79.8661
3501.0	 79.8190
3502.0	 79.7712
3503.0	 79.7240
3504.0	 79.6769
3505.0	 79.6298
3506.0	 79.5827
3507.0	 79.5355
3508.0	 79.4884
3509.0	 79.4413
3510.0	 79.3942
3511.0	 79.3470
3512.0	 79.2999
3513.0	 79.2535
3514.0	 79.2064
3515.0	 79.1593
3516.0	 79.1122
3517.0	 79.0658
3518.0	 79.0186
3519.0	 78.9723
3520.0	 78.9251
3521.0	 78.8787
3522.0	 78.8316
3523.0	 78.7852
3524.0	 78.7381
3525.0	 78.6917
3526.0	 78.6453
3527.0	 78.5989
3528.0	 78.5518
3529.0	 78.5062
3530.0	 78.4590
3531.0	 78.4127
3532.0	 78.3663
3533.0	 78.3199
3534.0	 78.2735
3535.0	 78.2271
3536.0	 78.1807
3537.0	 78.1343
3538.0	 78.0887
3539.0	 78.0423
3540.0	 77.9959
3541.0	 77.9495
3542.0	 77.9031
3543.0	 77.8575
3544.0	 77.8111
3545.0	 77.7654
3546.0	 77.7191
3547.0	 77.6727
3548.0	 77.6270
3549.0	 77.5806
3550.0	 77.5350
3551.0	 77.4893
3552.0	 77.4429
3553.0	 77.3973
3554.0	 77.3516
3555.0	 77.3053
3556.0	 77.2596
3557.0	 77.2139
3558.0	 77.1683
3559.0	 77.1226
3560.0	 77.0763
3561.0	 77.0306
3562.0	 76.9850
3563.0	 76.9393
3564.0	 76.8937
3565.0	 76.8480
3566.0	 76.8024
3567.0	 76.7567
3568.0	 76.7110
3569.0	 76.6654
3570.0	 76.6197
3571.0	 76.5748
3572.0	 76.5292
3573.0	 76.4835
3574.0	 76.4379
3575.0	 76.3930
3576.0	 76.3473
3577.0	 76.3024
3578.0	 76.2567
3579.0	 76.2111
3580.0	 76.1662
3581.0	 76.1205
3582.0	 76.0756
3583.0	 76.0300
3584.0	 75.9843
3585.0	 75.9394
3586.0	 75.8945
3587.0	 75.8488
3588.0	 75.8039
3589.0	 75.7583
3590.0	 75.7133
3591.0	 75.6684
3592.0	 75.6228
3593.0	 75.5779
3594.0	 75.5330
3595.0	 75.4880
3596.0	 75.4424
3597.0	 75.3975
3598.0	 75.3526
3599.0	 75.3076
3600.0	 75.2627
3601.0	 75.2178
3602.0	 75.1729
3603.0	 75.1272
3604.0	 75.0823
3605.0	 75.0374
3606.0	 74.9925
3607.0	 74.9476
3608.0	 74.9027
3609.0	 74.8578
3610.0	 74.8128
3611.0	 74.7679
3612.0	 74.7230
3613.0	 74.6781
3614.0	 74.6332
3615.0	 74.5890
3616.0	 74.5441
3617.0	 74.4992
3618.0	 74.4543
3619.0	 74.4093
3620.0	 74.3644
3621.0	 74.3202
3622.0	 74.2753
3623.0	 74.2304
3624.0	 74.1855
3625.0	 74.1406
3626.0	 74.0957
3627.0	 74.0515
3628.0	 74.0066
3629.0	 73.9617
3630.0	 73.9167
3631.0	 73.8726
3632.0	 73.8277
3633.0	 73.7827
3634.0	 73.7378
3635.0	 73.6936
3636.0	 73.6487
3637.0	 73.6038
3638.0	 73.5596
3639.0	 73.5147
3640.0	 73.4698
3641.0	 73.4249
3642.0	 73.3807
3643.0	 73.3358
3644.0	 73.2909
3645.0	 73.2460
3646.0	 73.2018
3647.0	 73.1569
3648.0	 73.1127
3649.0	 73.0678
3650.0	 73.0229
3651.0	 72.9780
3652.0	 72.9338
3653.0	 72.8889
3654.0	 72.8439
3655.0	 72.7990
3656.0	 72.7549
3657.0	 72.7099
3658.0	 72.6650
3659.0	 72.6201
3660.0	 72.5752
3661.0	 72.5310
3662.0	 72.4861
3663.0	 72.4412
3664.0	 72.3963
3665.0	 72.3514
3666.0	 72.3064
3667.0	 72.2615
3668.0	 72.2166
3669.0	 72.1717
3670.0	 72.1268
3671.0	 72.0826
3672.0	 72.0369
3673.0	 71.9920
3674.0	 71.9471
3675.0	 71.9022
3676.0	 71.8573
3677.0	 71.8124
3678.0	 71.7675
3679.0	 71.7225
3680.0	 71.6769
3681.0	 71.6320
3682.0	 71.5871
3683.0	 71.5414
3684.0	 71.4965
3685.0	 71.4516
3686.0	 71.4059
3687.0	 71.3610
3688.0	 71.3154
3689.0	 71.2704
3690.0	 71.2248
3691.0	 71.1799
3692.0	 71.1342
3693.0	 71.0886
3694.0	 71.0429
3695.0	 70.9973
3696.0	 70.9524
3697.0	 70.9067
3698.0	 70.8611
3699.0	 70.8154
3700.0	 70.7698
3701.0	 70.7234
3702.0	 70.6777
3703.0	 70.6321
3704.0	 70.5864
3705.0	 70.5400
3706.0	 70.4944
3707.0	 70.4480
3708.0	 70.4023
3709.0	 70.3560
3710.0	 70.3096
3711.0	 70.2639
3712.0	 70.2175
3713.0	 70.1711
3714.0	 70.1247
3715.0	 70.0784
3716.0	 70.0312
3717.0	 69.9849
3718.0	 69.9385
3719.0	 69.8913
3720.0	 69.8450
3721.0	 69.7978
3722.0	 69.7507
3723.0	 69.7036
3724.0	 69.6565
3725.0	 69.6093
3726.0	 69.5622
3727.0	 69.5151
3728.0	 69.4680
3729.0	 69.4201
3730.0	 69.3730
3731.0	 69.3251
3732.0	 69.2773
3733.0	 69.2294
3734.0	 69.1815
3735.0	 69.1329
3736.0	 69.0851
3737.0	 69.0365
3738.0	 68.9886
3739.0	 68.9400
3740.0	 68.8914
3741.0	 68.8421
3742.0	 68.7935
3743.0	 68.7449
3744.0	 68.6956
3745.0	 68.6462
3746.0	 68.5969
3747.0	 68.5476
3748.0	 68.4975
3749.0	 68.4482
3750.0	 68.3981
3751.0	 68.3480
3752.0	 68.2980
3753.0	 68.2472
3754.0	 68.1971
3755.0	 68.1463
3756.0	 68.0955
3757.0	 68.0447
3758.0	 67.9931
3759.0	 67.9416
3760.0	 67.8900
3761.0	 67.8385
3762.0	 67.7862
3763.0	 67.7339
3764.0	 67.6817
3765.0	 67.6294
3766.0	 67.5764
3767.0	 67.5234
3768.0	 67.4704
3769.0	 67.4166
3770.0	 67.3628
3771.0	 67.3091
3772.0	 67.2546
3773.0	 67.2001
3774.0	 67.1456
3775.0	 67.0904
3776.0	 67.0345
3777.0	 66.9792
3778.0	 66.9233
3779.0	 66.8666
3780.0	 66.8099
3781.0	 66.7532
3782.0	 66.6958
3783.0	 66.6383
3784.0	 66.5802
3785.0	 66.5220
3786.0	 66.4631
3787.0	 66.4042
3788.0	 66.3445
3789.0	 66.2842
3790.0	 66.2238
3791.0	 66.1634
3792.0	 66.1015
3793.0	 66.0397
3794.0	 65.9778
3795.0	 65.9145
3796.0	 65.8512
3797.0	 65.7879
3798.0	 65.7231
3799.0	 65.6583
3800.0	 65.5928
3801.0	 65.5265
3802.0	 65.4595
3803.0	 65.3917
3804.0	 65.3233
3805.0	 65.2548
3806.0	 65.1848
3807.0	 65.1142
3808.0	 65.0435
3809.0	 64.9713
3810.0	 64.8984
3811.0	 64.8248
3812.0	 64.7497
3813.0	 64.6746
3814.0	 64.5973
3815.0	 64.5200
3816.0	 64.4412
3817.0	 64.3616
3818.0	 64.2807
3819.0	 64.1982
3820.0	 64.1150
3821.0	 64.0303
3822.0	 63.9442
3823.0	 63.8565
3824.0	 63.7674
3825.0	 63.6769
3826.0	 63.5848
3827.0	 63.4906
3828.0	 63.3949
3829.0	 63.2977
3830.0	 63.1975
3831.0	 63.0967
3832.0	 62.9928
3833.0	 62.8868
3834.0	 62.7786
3835.0	 62.6674
3836.0	 62.5540
3837.0	 62.4377
3838.0	 62.3184
3839.0	 62.1962
3840.0	 62.0710
3841.0	 61.9421
3842.0	 61.8096
3843.0	 61.6726
3844.0	 61.5320
3845.0	 61.3870
3846.0	 61.2375
3847.0	 61.0829
3848.0	 60.9223
3849.0	 60.7567
3850.0	 60.5851
3851.0	 60.4069
3852.0	 60.2221
3853.0	 60.0292
3854.0	 59.8289
3855.0	 59.6191
3856.0	 59.4004
3857.0	 59.1714
3858.0	 58.9314
3859.0	 58.6795
3860.0	 58.4137
3861.0	 58.1339
3862.0	 57.8387
3863.0	 57.5265
3864.0	 57.1944
3865.0	 56.8417
3866.0	 56.4655
3867.0	 56.0627
3868.0	 55.6312
3869.0	 55.1666
3870.0	 54.6652
3871.0	 54.1218
3872.0	 53.5305
3873.0	 52.8848
3874.0	 52.1750
3875.0	 51.3923
3876.0	 50.5234
3877.0	 49.5530
3878.0	 48.4618
3879.0	 47.2255
3880.0	 45.8132
3881.0	 44.1845
3882.0	 42.2871
3883.0	 40.0516
3884.0	 37.3840
3885.0	 34.1619
3886.0	 30.2256
3887.0	 25.3909
3888.0	 19.5476
3889.0	 13.1034
3890.0	 8.9535
3891.0	 19.9194
3892.0	 75.2200
3893.0	 143.0342
3894.0	 154.4706
3895.0	 141.5079
3896.0	 127.7528
3897.0	 117.0550
3898.0	 109.0535
3899.0	 102.9922
3900.0	 98.2945
3901.0	 94.5703
3902.0	 91.5543
3903.0	 89.0656
3904.0	 86.9804
3905.0	 85.2081
3906.0	 83.6832
3907.0	 82.3571
3908.0	 81.1937
3909.0	 80.1636
3910.0	 79.2447
3911.0	 78.4208
3912.0	 77.6756
3913.0	 76.9997
3914.0	 76.3827
3915.0	 75.8172
3916.0	 75.2959
3917.0	 74.8143
3918.0	 74.3681
3919.0	 73.9521
3920.0	 73.5641
3921.0	 73.2003
3922.0	 72.8594
3923.0	 72.5384
3924.0	 72.2358
3925.0	 71.9493
3926.0	 71.6784
3927.0	 71.4207
3928.0	 71.1755
3929.0	 70.9421
3930.0	 70.7197
3931.0	 70.5062
3932.0	 70.3022
3933.0	 70.1071
3934.0	 69.9186
3935.0	 69.7382
3936.0	 69.5644
3937.0	 69.3965
3938.0	 69.2353
3939.0	 69.0785
3940.0	 68.9275
3941.0	 68.7810
3942.0	 68.6396
3943.0	 68.5019
3944.0	 68.3679
3945.0	 68.2383
3946.0	 68.1124
3947.0	 67.9894
3948.0	 67.8694
3949.0	 67.7524
3950.0	 67.6390
3951.0	 67.5278
3952.0	 67.4188
3953.0	 67.3128
3954.0	 67.2090
3955.0	 67.1073
3956.0	 67.0072
3957.0	 66.9100
3958.0	 66.8143
3959.0	 66.7200
3960.0	 66.6280
3961.0	 66.5367
3962.0	 66.4476
3963.0	 66.3600
3964.0	 66.2746
3965.0	 66.1892
3966.0	 66.1060
3967.0	 66.0235
3968.0	 65.9425
3969.0	 65.8630
3970.0	 65.7842
3971.0	 65.7061
3972.0	 65.6288
3973.0	 65.5530
3974.0	 65.4786
3975.0	 65.4043
3976.0	 65.3314
3977.0	 65.2585
3978.0	 65.1871
3979.0	 65.1156
3980.0	 65.0457
3981.0	 64.9757
3982.0	 64.9065
3983.0	 64.8380
3984.0	 64.7703
3985.0	 64.7026
3986.0	 64.6356
3987.0	 64.5693
3988.0	 64.5038
3989.0	 64.4382
3990.0	 64.3727
3991.0	 64.3079
3992.0	 64.2438
3993.0	 64.1798
3994.0	 64.1157
3995.0	 64.0524
3996.0	 63.9883
3997.0	 63.9258
3998.0	 63.8624
3999.0	 63.7991
4000.0	 63.7365
4001.0	 63.6739
4002.0	 63.6113
4003.0	 63.5488
4004.0	 63.4862
4005.0	 63.4236
4006.0	 63.3610
4007.0	 63.2977
4008.0	 63.2351
4009.0	 63.1718
4010.0	 63.1077
4011.0	 63.0444
4012.0	 62.9803
4013.0	 62.9155
4014.0	 62.8507
4015.0	 62.7852
4016.0	 62.7189
4017.0	 62.6519
4018.0	 62.5849
4019.0	 62.5165
4020.0	 62.4472
4021.0	 62.3766
4022.0	 62.3051
4023.0	 62.2330
4024.0	 62.1586
4025.0	 62.0828
4026.0	 62.0055
4027.0	 61.9267
4028.0	 61.8449
4029.0	 61.7610
4030.0	 61.6741
4031.0	 61.5843
4032.0	 61.4915
4033.0	 61.3943
4034.0	 61.2927
4035.0	 61.1867
4036.0	 61.0740
4037.0	 60.9547
4038.0	 60.8281
4039.0	 60.6926
4040.0	 60.5461
4041.0	 60.3878
4042.0	 60.2140
4043.0	 60.0226
4044.0	 59.8090
4045.0	 59.5690
4046.0	 59.2944
4047.0	 58.9763
4048.0	 58.6015
4049.0	 58.1501
4050.0	 57.5935
4051.0	 56.8881
4052.0	 55.9596
4053.0	 54.6843
4054.0	 52.8457
4055.0	 50.1207
4056.0	 47.0797
4057.0	 59.4394
4058.0	 84.4791
4059.0	 78.7808
4060.0	 73.7091
4061.0	 70.7337
4062.0	 68.8642
4063.0	 67.5933
4064.0	 66.6744
4065.0	 65.9778
4066.0	 65.4293
4067.0	 64.9846
4068.0	 64.6157
4069.0	 64.3020
4070.0	 64.0325
4071.0	 63.7962
4072.0	 63.5870
4073.0	 63.3993
4074.0	 63.2299
4075.0	 63.0753
4076.0	 62.9325
4077.0	 62.8014
4078.0	 62.6784
4079.0	 62.5636
4080.0	 62.4553
4081.0	 62.3523
4082.0	 62.2551
4083.0	 62.1623
4084.0	 62.0732
4085.0	 61.9878
4086.0	 61.9053
4087.0	 61.8258
4088.0	 61.7477
4089.0	 61.6726
4090.0	 61.5990
4091.0	 61.5276
4092.0	 61.4569
4093.0	 61.3884
4094.0	 61.3199
4095.0	 61.2529
4096.0	 61.1867
4097.0	 61.1204
4098.0	 61.0549
4099.0	 60.9901
4100.0	 60.9253
4101.0	 60.8598
4102.0	 60.7942
4103.0	 60.7287
4104.0	 60.6624
4105.0	 60.5954
4106.0	 60.5269
4107.0	 60.4585
4108.0	 60.3878
4109.0	 60.3156
4110.0	 60.2413
4111.0	 60.1647
4112.0	 60.0852
4113.0	 60.0027
4114.0	 59.9165
4115.0	 59.8260
4116.0	 59.7303
4117.0	 59.6286
4118.0	 59.5204
4119.0	 59.4033
4120.0	 59.2774
4121.0	 59.1390
4122.0	 58.9873
4123.0	 58.8180
4124.0	 58.6280
4125.0	 58.4123
4126.0	 58.1634
4127.0	 57.8725
4128.0	 57.5272
4129.0	 57.1075
4130.0	 56.5862
4131.0	 55.9191
4132.0	 55.0326
4133.0	 53.8000
4134.0	 51.9791
4135.0	 49.0766
4136.0	 44.2935
4137.0	 45.0556
4138.0	 93.3333
4139.0	 83.0109
4140.0	 75.2377
4141.0	 71.3367
4142.0	 69.0829
4143.0	 67.6345
4144.0	 66.6317
4145.0	 65.8998
4146.0	 65.3461
4147.0	 64.9139
4148.0	 64.5700
4149.0	 64.2924
4150.0	 64.0656
4151.0	 63.8786
4152.0	 63.7247
4153.0	 63.5974
4154.0	 63.4928
4155.0	 63.4089
4156.0	 63.3411
4157.0	 63.2896
4158.0	 63.2513
4159.0	 63.2263
4160.0	 63.2137
4161.0	 63.2130
4162.0	 63.2233
4163.0	 63.2447
4164.0	 63.2778
4165.0	 63.3212
4166.0	 63.3765
4167.0	 63.4435
4168.0	 63.5230
4169.0	 63.6158
4170.0	 63.7218
4171.0	 63.8425
4172.0	 63.9795
4173.0	 64.1341
4174.0	 64.3079
4175.0	 64.5023
4176.0	 64.7210
4177.0	 64.9654
4178.0	 65.2393
4179.0	 65.5471
4180.0	 65.8932
4181.0	 66.2842
4182.0	 66.7274
4183.0	 67.2310
4184.0	 67.8068
4185.0	 68.4695
4186.0	 69.2368
4187.0	 70.1336
4188.0	 71.1931
4189.0	 72.4589
4190.0	 73.9933
4191.0	 75.8871
4192.0	 78.2750
4193.0	 81.3689
4194.0	 85.5203
4195.0	 91.3599
4196.0	 100.1103
4197.0	 114.5169
4198.0	 141.9798
4199.0	 208.8810
4200.0	 404.5438
4201.0	 93.6469
4202.0	 8.1981
4203.0	 12.6896
4204.0	 20.1528
4205.0	 25.9189
4206.0	 30.1990
4207.0	 33.4344
4208.0	 35.9437
4209.0	 37.9333
4210.0	 39.5436
4211.0	 40.8697
4212.0	 41.9771
4213.0	 42.9129
4214.0	 43.7118
4215.0	 44.4003
4216.0	 44.9974
4217.0	 45.5187
4218.0	 45.9767
4219.0	 46.3802
4220.0	 46.7373
4221.0	 47.0547
4222.0	 47.3374
4223.0	 47.5892
4224.0	 47.8145
4225.0	 48.0156
4226.0	 48.1952
4227.0	 48.3550
4228.0	 48.4986
4229.0	 48.6252
4230.0	 48.7379
4231.0	 48.8373
4232.0	 48.9249
4233.0	 49.0007
4234.0	 49.0663
4235.0	 49.1222
4236.0	 49.1686
4237.0	 49.2062
4238.0	 49.2349
4239.0	 49.2562
4240.0	 49.2702
4241.0	 49.2761
4242.0	 49.2754
4243.0	 49.2673
4244.0	 49.2526
4245.0	 49.2312
4246.0	 49.2032
4247.0	 49.1686
4248.0	 49.1274
4249.0	 49.0795
4250.0	 49.0243
4251.0	 48.9624
4252.0	 48.8940
4253.0	 48.8181
4254.0	 48.7349
4255.0	 48.6436
4256.0	 48.5450
4257.0	 48.4375
4258.0	 48.3211
4259.0	 48.1959
4260.0	 48.0612
4261.0	 47.9161
4262.0	 47.7593
4263.0	 47.5914
4264.0	 47.4110
4265.0	 47.2174
4266.0	 47.0090
4267.0	 46.7852
4268.0	 46.5444
4269.0	 46.2852
4270.0	 46.0062
4271.0	 45.7057
4272.0	 45.3818
4273.0	 45.0320
4274.0	 44.6536
4275.0	 44.2449
4276.0	 43.8031
4277.0	 43.3253
4278.0	 42.8091
4279.0	 42.2524
4280.0	 41.6531
4281.0	 41.0132
4282.0	 40.3358
4283.0	 39.6297
4284.0	 38.9140
4285.0	 38.2256
4286.0	 37.6269
4287.0	 37.2279
4288.0	 37.2139
4289.0	 37.8839
4290.0	 39.6871
4291.0	 43.2060
4292.0	 48.9809
4293.0	 57.0574
4294.0	 66.4329
4295.0	 75.1942
4296.0	 81.6127
4297.0	 85.1344
4298.0	 86.2595
4299.0	 85.8361
4300.0	 84.5829
4301.0	 82.9756
4302.0	 81.2806
4303.0	 79.6371
4304.0	 78.1078
4305.0	 76.7147
4306.0	 75.4601
4307.0	 74.3372
4308.0	 73.3343
4309.0	 72.4404
4310.0	 71.6430
4311.0	 70.9310
4312.0	 70.2948
4313.0	 69.7257
4314.0	 69.2176
4315.0	 68.7633
4316.0	 68.3576
4317.0	 67.9953
4318.0	 67.6736
4319.0	 67.3871
4320.0	 67.1346
4321.0	 66.9130
4322.0	 66.7200
4323.0	 66.5544
4324.0	 66.4137
4325.0	 66.2974
4326.0	 66.2039
4327.0	 66.1332
4328.0	 66.0839
4329.0	 66.0552
4330.0	 66.0485
4331.0	 66.0625
4332.0	 66.0971
4333.0	 66.1538
4334.0	 66.2311
4335.0	 66.3313
4336.0	 66.4542
4337.0	 66.6008
4338.0	 66.7723
4339.0	 66.9711
4340.0	 67.1972
4341.0	 67.4542
4342.0	 67.7420
4343.0	 68.0660
4344.0	 68.4283
4345.0	 68.8325
4346.0	 69.2824
4347.0	 69.7846
4348.0	 70.3434
4349.0	 70.9671
4350.0	 71.6636
4351.0	 72.4441
4352.0	 73.3203
4353.0	 74.3070
4354.0	 75.4240
4355.0	 76.6934
4356.0	 78.1446
4357.0	 79.8146
4358.0	 81.7518
4359.0	 84.0204
4360.0	 86.7020
4361.0	 89.9138
4362.0	 93.8185
4363.0	 98.6472
4364.0	 104.7505
4365.0	 112.6680
4366.0	 123.2820
4367.0	 138.0906
4368.0	 159.8523
4369.0	 193.9302
4370.0	 250.9678
4371.0	 345.7008
4372.0	 421.7580
4373.0	 249.2213
4374.0	 74.9630
4375.0	 20.3951
4376.0	 7.6186
4377.0	 6.4803
4378.0	 8.5883
4379.0	 11.4680
4380.0	 14.3404
4381.0	 16.9734
4382.0	 19.3134
4383.0	 21.3699
4384.0	 23.1724
4385.0	 24.7540
4386.0	 26.1427
4387.0	 27.3672
4388.0	 28.4488
4389.0	 29.4075
4390.0	 30.2587
4391.0	 31.0149
4392.0	 31.6879
4393.0	 32.2865
4394.0	 32.8188
4395.0	 33.2901
4396.0	 33.7068
4397.0	 34.0720
4398.0	 34.3901
4399.0	 34.6640
4400.0	 34.8945
4401.0	 35.0845
4402.0	 35.2332
4403.0	 35.3422
4404.0	 35.4099
4405.0	 35.4357
4406.0	 35.4165
4407.0	 35.3510
4408.0	 35.2332
4409.0	 35.0572
4410.0	 34.8164
4411.0	 34.5013
4412.0	 34.0978
4413.0	 33.5898
4414.0	 32.9580
4415.0	 32.1775
4416.0	 31.2255
4417.0	 30.0915
4418.0	 28.8295
4419.0	 27.7206
4420.0	 27.7810
4421.0	 32.0693
4422.0	 45.6034
4423.0	 63.1747
4424.0	 69.9282
4425.0	 68.2192
4426.0	 64.6444
4427.0	 61.4098
4428.0	 58.8423
4429.0	 56.8491
4430.0	 55.2910
4431.0	 54.0540
4432.0	 53.0563
4433.0	 52.2398
4434.0	 51.5609
4435.0	 50.9888
4436.0	 50.5021
4437.0	 50.0831
4438.0	 49.7186
4439.0	 49.3998
4440.0	 49.1178
4441.0	 48.8675
4442.0	 48.6429
4443.0	 48.4411
4444.0	 48.2578
4445.0	 48.0907
4446.0	 47.9382
4447.0	 47.7976
4448.0	 47.6673
4449.0	 47.5465
4450.0	 47.4339
4451.0	 47.3286
4452.0	 47.2292
4453.0	 47.1364
4454.0	 47.0473
4455.0	 46.9634
4456.0	 46.8838
4457.0	 46.8073
4458.0	 46.7336
4459.0	 46.6629
4460.0	 46.5945
4461.0	 46.5289
4462.0	 46.4649
4463.0	 46.4023
4464.0	 46.3419
4465.0	 46.2830
4466.0	 46.2248
4467.0	 46.1681
4468.0	 46.1122
4469.0	 46.0577
4470.0	 46.0032
4471.0	 45.9495
4472.0	 45.8964
4473.0	 45.8442
4474.0	 45.7919
4475.0	 45.7404
4476.0	 45.6881
4477.0	 45.6373
4478.0	 45.5857
4479.0	 45.5342
4480.0	 45.4826
4481.0	 45.4311
4482.0	 45.3796
4483.0	 45.3280
4484.0	 45.2757
4485.0	 45.2227
4486.0	 45.1704
4487.0	 45.1167
4488.0	 45.0629
4489.0	 45.0085
4490.0	 44.9532
4491.0	 44.8973
4492.0	 44.8413
4493.0	 44.7839
4494.0	 44.7257
4495.0	 44.6661
4496.0	 44.6057
4497.0	 44.5438
4498.0	 44.4813
4499.0	 44.4172
4500.0	 44.3517
4501.0	 44.2839
4502.0	 44.2155
4503.0	 44.1440
4504.0	 44.0711
4505.0	 43.9960
4506.0	 43.9180
4507.0	 43.8370
4508.0	 43.7538
4509.0	 43.6669
4510.0	 43.5763
4511.0	 43.4814
4512.0	 43.3819
4513.0	 43.2774
4514.0	 43.1677
4515.0	 43.0513
4516.0	 42.9269
4517.0	 42.7951
4518.0	 42.6530
4519.0	 42.5006
4520.0	 42.3349
4521.0	 42.1538
4522.0	 41.9550
4523.0	 41.7341
4524.0	 41.4874
4525.0	 41.2091
4526.0	 40.8903
4527.0	 40.5206
4528.0	 40.0855
4529.0	 39.5634
4530.0	 38.9236
4531.0	 38.1181
4532.0	 37.0740
4533.0	 35.6728
4534.0	 33.7319
4535.0	 31.0966
4536.0	 29.0489
4537.0	 43.1102
4538.0	 71.1703
4539.0	 65.6841
4540.0	 59.2833
4541.0	 55.4258
4542.0	 52.9996
4543.0	 51.3569
4544.0	 50.1759
4545.0	 49.2842
4546.0	 48.5855
4547.0	 48.0200
4548.0	 47.5517
4549.0	 47.1555
4550.0	 46.8139
4551.0	 46.5157
4552.0	 46.2521
4553.0	 46.0150
4554.0	 45.8007
4555.0	 45.6049
4556.0	 45.4252
4557.0	 45.2581
4558.0	 45.1020
4559.0	 44.9547
4560.0	 44.8170
4561.0	 44.6852
4562.0	 44.5600
4563.0	 44.4408
4564.0	 44.3252
4565.0	 44.2147
4566.0	 44.1072
4567.0	 44.0034
4568.0	 43.9025
4569.0	 43.8039
4570.0	 43.7074
4571.0	 43.6132
4572.0	 43.5204
4573.0	 43.4298
4574.0	 43.3400
4575.0	 43.2516
4576.0	 43.1640
4577.0	 43.0779
4578.0	 42.9924
4579.0	 42.9078
4580.0	 42.8238
4581.0	 42.7406
4582.0	 42.6574
4583.0	 42.5742
4584.0	 42.4917
4585.0	 42.4100
4586.0	 42.3276
4587.0	 42.2458
4588.0	 42.1641
4589.0	 42.0824
4590.0	 42.0006
4591.0	 41.9182
4592.0	 41.8364
4593.0	 41.7532
4594.0	 41.6708
4595.0	 41.5883
4596.0	 41.5051
4597.0	 41.4212
4598.0	 41.3372
4599.0	 41.2525
4600.0	 41.1671
4601.0	 41.0817
4602.0	 40.9956
4603.0	 40.9087
4604.0	 40.8218
4605.0	 40.7334
4606.0	 40.6451
4607.0	 40.5553
4608.0	 40.4654
4609.0	 40.3741
4610.0	 40.2828
4611.0	 40.1900
4612.0	 40.0965
4613.0	 40.0015
4614.0	 39.9058
4615.0	 39.8094
4616.0	 39.7114
4617.0	 39.6128
4618.0	 39.5126
4619.0	 39.4118
4620.0	 39.3094
4621.0	 39.2056
4622.0	 39.1003
4623.0	 38.9935
4624.0	 38.8860
4625.0	 38.7771
4626.0	 38.6659
4627.0	 38.5532
4628.0	 38.4391
4629.0	 38.3235
4630.0	 38.2057
4631.0	 38.0864
4632.0	 37.9656
4633.0	 37.8419
4634.0	 37.7168
4635.0	 37.5894
4636.0	 37.4598
4637.0	 37.3280
4638.0	 37.1940
4639.0	 37.0578
4640.0	 36.9186
4641.0	 36.7765
4642.0	 36.6322
4643.0	 36.4849
4644.0	 36.3347
4645.0	 36.1816
4646.0	 36.0255
4647.0	 35.8657
4648.0	 35.7022
4649.0	 35.5351
4650.0	 35.3643
4651.0	 35.1898
4652.0	 35.0108
4653.0	 34.8282
4654.0	 34.6405
4655.0	 34.4476
4656.0	 34.2502
4657.0	 34.0470
4658.0	 33.8386
4659.0	 33.6244
4660.0	 33.4035
4661.0	 33.1759
4662.0	 32.9411
4663.0	 32.6996
4664.0	 32.4492
4665.0	 32.1900
4666.0	 31.9220
4667.0	 31.6437
4668.0	 31.3536
4669.0	 31.0524
4670.0	 30.7388
4671.0	 30.4104
4672.0	 30.0658
4673.0	 29.7042
4674.0	 29.3236
4675.0	 28.9201
4676.0	 28.4930
4677.0	 28.0365
4678.0	 27.5476
4679.0	 27.0211
4680.0	 26.4497
4681.0	 25.8239
4682.0	 25.1340
4683.0	 24.3645
4684.0	 23.4957
4685.0	 22.5002
4686.0	 21.3412
4687.0	 19.9658
4688.0	 18.3003
4689.0	 16.2533
4690.0	 13.7587
4691.0	 11.1669
4692.0	 12.9686
4693.0	 110.7036
4694.0	 596.4860
4695.0	 134.7574
4696.0	 79.6747
4697.0	 61.1219
4698.0	 52.0476
4699.0	 46.6953
4700.0	 43.1640
4701.0	 40.6591
4702.0	 38.7955
4703.0	 37.3633
4704.0	 36.2412
4705.0	 35.3569
4706.0	 34.6640
4707.0	 34.1346
4708.0	 33.7495
4709.0	 33.4992
4710.0	 33.3792
4711.0	 33.3880
4712.0	 33.5272
4713.0	 33.7996
4714.0	 34.2112
4715.0	 34.7656
4716.0	 35.4681
4717.0	 36.3229
4718.0	 37.3324
4719.0	 38.4958
4720.0	 39.8108
4721.0	 41.2709
4722.0	 42.8636
4723.0	 44.5733
4724.0	 46.3802
4725.0	 48.2607
4726.0	 50.1877
4727.0	 52.1315
4728.0	 54.0614
4729.0	 55.9478
4730.0	 57.7628
4731.0	 59.4821
4732.0	 61.0851
4733.0	 62.5555
4734.0	 63.8845
4735.0	 65.0634
4736.0	 66.0920
4737.0	 66.9719
4738.0	 67.7082
4739.0	 68.3097
4740.0	 68.7839
4741.0	 69.1432
4742.0	 69.3965
4743.0	 69.5563
4744.0	 69.6329
4745.0	 69.6358
4746.0	 69.5762
4747.0	 69.4613
4748.0	 69.3001
4749.0	 69.0998
4750.0	 68.8664
4751.0	 68.6057
4752.0	 68.3230
4753.0	 68.0226
4754.0	 67.7082
4755.0	 67.3835
4756.0	 67.0507
4757.0	 66.7120
4758.0	 66.3703
4759.0	 66.0272
4760.0	 65.6841
4761.0	 65.3417
4762.0	 65.0008
4763.0	 64.6635
4764.0	 64.3300
4765.0	 64.0001
4766.0	 63.6754
4767.0	 63.3551
4768.0	 63.0407
4769.0	 62.7315
4770.0	 62.4274
4771.0	 62.1299
4772.0	 61.8376
4773.0	 61.5511
4774.0	 61.2706
4775.0	 60.9960
4776.0	 60.7265
4777.0	 60.4636
4778.0	 60.2059
4779.0	 59.9534
4780.0	 59.7060
4781.0	 59.4637
4782.0	 59.2274
4783.0	 58.9954
4784.0	 58.7686
4785.0	 58.5470
4786.0	 58.3291
4787.0	 58.1163
4788.0	 57.9079
4789.0	 57.7039
4790.0	 57.5036
4791.0	 57.3078
4792.0	 57.1156
4793.0	 56.9271
4794.0	 56.7430
4795.0	 56.5619
4796.0	 56.3845
4797.0	 56.2107
4798.0	 56.0399
4799.0	 55.8720
4800.0	 55.7071
4801.0	 55.5458
4802.0	 55.3875
4803.0	 55.2314
4804.0	 55.0790
4805.0	 54.9280
4806.0	 54.7800
4807.0	 54.6350
4808.0	 54.4921
4809.0	 54.3515
4810.0	 54.2131
4811.0	 54.0769
4812.0	 53.9436
4813.0	 53.8111
4814.0	 53.6815
4815.0	 53.5533
4816.0	 53.4274
4817.0	 53.3037
4818.0	 53.1808
4819.0	 53.0600
4820.0	 52.9407
4821.0	 52.8237
4822.0	 52.7073
4823.0	 52.5932
4824.0	 52.4805
4825.0	 52.3686
4826.0	 52.2582
4827.0	 52.1492
4828.0	 52.0417
4829.0	 51.9357
4830.0	 51.8304
4831.0	 51.7266
4832.0	 51.6235
4833.0	 51.5211
4834.0	 51.4203
4835.0	 51.3201
4836.0	 51.2207
4837.0	 51.1228
4838.0	 51.0256
4839.0	 50.9284
4840.0	 50.8327
4841.0	 50.7377
4842.0	 50.6427
4843.0	 50.5492
4844.0	 50.4557
4845.0	 50.3629
4846.0	 50.2709
4847.0	 50.1788
4848.0	 50.0875
4849.0	 49.9962
4850.0	 49.9057
4851.0	 49.8144
4852.0	 49.7245
4853.0	 49.6340
4854.0	 49.5434
4855.0	 49.4536
4856.0	 49.3630
4857.0	 49.2724
4858.0	 49.1819
4859.0	 49.0906
4860.0	 48.9993
4861.0	 48.9072
4862.0	 48.8152
4863.0	 48.7217
4864.0	 48.6274
4865.0	 48.5324
4866.0	 48.4367
4867.0	 48.3388
4868.0	 48.2401
4869.0	 48.1393
4870.0	 48.0369
4871.0	 47.9323
4872.0	 47.8256
4873.0	 47.7159
4874.0	 47.6025
4875.0	 47.4861
4876.0	 47.3654
4877.0	 47.2402
4878.0	 47.1099
4879.0	 46.9737
4880.0	 46.8301
4881.0	 46.6784
4882.0	 46.5164
4883.0	 46.3441
4884.0	 46.1586
4885.0	 45.9576
4886.0	 45.7374
4887.0	 45.4952
4888.0	 45.2242
4889.0	 44.9194
4890.0	 44.5711
4891.0	 44.1669
4892.0	 43.6905
4893.0	 43.1191
4894.0	 42.4211
4895.0	 41.5530
4896.0	 40.4735
4897.0	 39.2211
4898.0	 38.4796
4899.0	 43.7950
4900.0	 76.6463
4901.0	 82.8187
4902.0	 69.9753
4903.0	 62.7889
4904.0	 58.8246
4905.0	 56.3911
4906.0	 54.7616
4907.0	 53.5960
4908.0	 52.7191
4909.0	 52.0329
4910.0	 51.4799
4911.0	 51.0226
4912.0	 50.6368
4913.0	 50.3047
4914.0	 50.0161
4915.0	 49.7606
4916.0	 49.5324
4917.0	 49.3269
4918.0	 49.1392
4919.0	 48.9676
4920.0	 48.8093
4921.0	 48.6620
4922.0	 48.5251
4923.0	 48.3962
4924.0	 48.2740
4925.0	 48.1591
4926.0	 48.0502
4927.0	 47.9456
4928.0	 47.8462
4929.0	 47.7505
4930.0	 47.6584
4931.0	 47.5693
4932.0	 47.4839
4933.0	 47.4015
4934.0	 47.3205
4935.0	 47.2424
4936.0	 47.1666
4937.0	 47.0922
4938.0	 47.0201
4939.0	 46.9494
4940.0	 46.8802
4941.0	 46.8124
4942.0	 46.7454
4943.0	 46.6806
4944.0	 46.6158
4945.0	 46.5532
4946.0	 46.4907
4947.0	 46.4295
4948.0	 46.3692
4949.0	 46.3088
4950.0	 46.2506
4951.0	 46.1917
4952.0	 46.1343
4953.0	 46.0776
4954.0	 46.0209
4955.0	 45.9649
4956.0	 45.9090
4957.0	 45.8537
4958.0	 45.7993
4959.0	 45.7455
4960.0	 45.6910
4961.0	 45.6380
4962.0	 45.5843
4963.0	 45.5312
4964.0	 45.4790
4965.0	 45.4259
4966.0	 45.3737
4967.0	 45.3214
4968.0	 45.2698
4969.0	 45.2176
4970.0	 45.1660
4971.0	 45.1145
4972.0	 45.0629
4973.0	 45.0114
4974.0	 44.9599
4975.0	 44.9083
4976.0	 44.8568
4977.0	 44.8052
4978.0	 44.7537
4979.0	 44.7022
4980.0	 44.6499
4981.0	 44.5983
4982.0	 44.5461
4983.0	 44.4938
4984.0	 44.4415
4985.0	 44.3885
4986.0	 44.3355
4987.0	 44.2825
4988.0	 44.2294
4989.0	 44.1757
4990.0	 44.1212
4991.0	 44.0667
4992.0	 44.0115
4993.0	 43.9563
4994.0	 43.9003
4995.0	 43.8444
4996.0	 43.7877
4997.0	 43.7295
4998.0	 43.6721
4999.0	 43.6132
5000.0	 43.5535
5001.0	 43.4931
5002.0	 43.4320
5003.0	 43.3702
5004.0	 43.3076
5005.0	 43.2435
5006.0	 43.1787
5007.0	 43.1125
5008.0	 43.0455
5009.0	 42.9770
5010.0	 42.9070
5011.0	 42.8356
5012.0	 42.7627
5013.0	 42.6883
5014.0	 42.6118
5015.0	 42.5337
5016.0	 42.4535
5017.0	 42.3710
5018.0	 42.2863
5019.0	 42.1987
5020.0	 42.1089
5021.0	 42.0161
5022.0	 41.9196
5023.0	 41.8202
5024.0	 41.7172
5025.0	 41.6096
5026.0	 41.4985
5027.0	 41.3821
5028.0	 41.2606
5029.0	 41.1340
5030.0	 41.0007
5031.0	 40.8608
5032.0	 40.7136
5033.0	 40.5582
5034.0	 40.3933
5035.0	 40.2188
5036.0	 40.0325
5037.0	 39.8337
5038.0	 39.6209
5039.0	 39.3919
5040.0	 39.1445
5041.0	 38.8765
5042.0	 38.5849
5043.0	 38.2653
5044.0	 37.9134
5045.0	 37.5246
5046.0	 37.0909
5047.0	 36.6035
5048.0	 36.0520
5049.0	 35.4217
5050.0	 34.6935
5051.0	 33.8430
5052.0	 32.8343
5053.0	 31.6187
5054.0	 30.1247
5055.0	 28.2449
5056.0	 25.8151
5057.0	 22.5745
5058.0	 18.1280
5059.0	 12.1469
5059.5	 9.1001
5060.0	 8.6627
5060.5	 25.0890
5061.0	 183.4083
5062.0	 426.5307
5062.5	 218.9140
5063.0	 150.9628
5064.0	 101.9304
5065.0	 83.1066
5066.0	 73.3373
5067.0	 67.3945
5068.0	 63.4096
5069.0	 60.5542
5070.0	 58.4064
5071.0	 56.7342
5072.0	 55.3941
5073.0	 54.2948
5074.0	 53.3766
5075.0	 52.5976
5076.0	 51.9276
5077.0	 51.3451
5078.0	 50.8341
5079.0	 50.3806
5080.0	 49.9763
5081.0	 49.6126
5082.0	 49.2835
5083.0	 48.9845
5084.0	 48.7114
5085.0	 48.4603
5086.0	 48.2291
5087.0	 48.0148
5088.0	 47.8167
5089.0	 47.6312
5090.0	 47.4582
5091.0	 47.2954
5092.0	 47.1430
5093.0	 46.9994
5094.0	 46.8640
5095.0	 46.7358
5096.0	 46.6144
5097.0	 46.4988
5098.0	 46.3890
5099.0	 46.2845
5100.0	 46.1843
5101.0	 46.0886
5102.0	 45.9973
5103.0	 45.9097
5104.0	 45.8258
5105.0	 45.7448
5106.0	 45.6675
5107.0	 45.5924
5108.0	 45.5209
5109.0	 45.4510
5110.0	 45.3840
5111.0	 45.3192
5112.0	 45.2566
5113.0	 45.1955
5114.0	 45.1366
5115.0	 45.0799
5116.0	 45.0247
5117.0	 44.9709
5118.0	 44.9186
5119.0	 44.8678
5120.0	 44.8185
5121.0	 44.7706
5122.0	 44.7242
5123.0	 44.6793
5124.0	 44.6351
5125.0	 44.5917
5126.0	 44.5505
5127.0	 44.5092
5128.0	 44.4695
5129.0	 44.4305
5130.0	 44.3929
5131.0	 44.3561
5132.0	 44.3200
5133.0	 44.2847
5134.0	 44.2508
5135.0	 44.2169
5136.0	 44.1838
5137.0	 44.1521
5138.0	 44.1205
5139.0	 44.0903
5140.0	 44.0608
5141.0	 44.0314
5142.0	 44.0027
5143.0	 43.9754
5144.0	 43.9482
5145.0	 43.9217
5146.0	 43.8959
5147.0	 43.8709
5148.0	 43.8466
5149.0	 43.8223
5150.0	 43.7987
5151.0	 43.7766
5152.0	 43.7538
5153.0	 43.7324
5154.0	 43.7111
5155.0	 43.6905
5156.0	 43.6706
5157.0	 43.6514
5158.0	 43.6323
5159.0	 43.6146
5160.0	 43.5962
5161.0	 43.5793
5162.0	 43.5623
5163.0	 43.5469
5164.0	 43.5307
5165.0	 43.5160
5166.0	 43.5012
5167.0	 43.4872
5168.0	 43.4740
5169.0	 43.4615
5170.0	 43.4490
5171.0	 43.4372
5172.0	 43.4261
5173.0	 43.4151
5174.0	 43.4055
5175.0	 43.3959
5176.0	 43.3864
5177.0	 43.3783
5178.0	 43.3702
5179.0	 43.3635
5180.0	 43.3569
5181.0	 43.3510
5182.0	 43.3451
5183.0	 43.3407
5184.0	 43.3363
5185.0	 43.3334
5186.0	 43.3304
5187.0	 43.3282
5188.0	 43.3267
5189.0	 43.3260
5190.0	 43.3260
5191.0	 43.3267
5192.0	 43.3282
5193.0	 43.3304
5194.0	 43.3334
5195.0	 43.3370
5196.0	 43.3415
5197.0	 43.3466
5198.0	 43.3525
5199.0	 43.3599
5200.0	 43.3672
