The data were generated by SigmaCalc version 2.0. Update of 26-03-2013. File created 13-8-2020.
Si-nat(aa) at 173.1 deg.
 keV     RTR
3000.0	 0.9985
3010.0	 0.9985
3020.0	 0.9985
3030.0	 0.9985
3040.0	 0.9986
3050.0	 0.9986
3060.0	 0.9986
3070.0	 0.9985
3080.0	 0.9985
3090.0	 0.9985
3100.0	 0.9985
3110.0	 0.9985
3120.0	 0.9985
3130.0	 0.9985
3140.0	 0.9984
3150.0	 0.9984
3160.0	 0.9984
3170.0	 0.9984
3180.0	 0.9983
3190.0	 0.9983
3200.0	 0.9983
3210.0	 0.9982
3220.0	 0.9982
3230.0	 0.9982
3240.0	 0.9981
3250.0	 0.9981
3260.0	 0.9980
3270.0	 0.9980
3280.0	 0.9979
3290.0	 0.9978
3300.0	 0.9978
3310.0	 0.9977
3320.0	 0.9976
3330.0	 0.9976
3340.0	 0.9975
3350.0	 0.9974
3360.0	 0.9973
3370.0	 0.9972
3380.0	 0.9971
3390.0	 0.9970
3400.0	 0.9969
3410.0	 0.9968
3420.0	 0.9967
3430.0	 0.9965
3440.0	 0.9964
3450.0	 0.9962
3460.0	 0.9961
3470.0	 0.9959
3480.0	 0.9957
3490.0	 0.9955
3500.0	 0.9953
3501.0	 0.9953
3502.0	 0.9953
3503.0	 0.9953
3504.0	 0.9953
3505.0	 0.9952
3506.0	 0.9952
3507.0	 0.9952
3508.0	 0.9952
3509.0	 0.9951
3510.0	 0.9951
3511.0	 0.9951
3512.0	 0.9951
3513.0	 0.9951
3514.0	 0.9950
3515.0	 0.9950
3516.0	 0.9950
3517.0	 0.9950
3518.0	 0.9949
3519.0	 0.9949
3520.0	 0.9949
3521.0	 0.9949
3522.0	 0.9948
3523.0	 0.9948
3524.0	 0.9948
3525.0	 0.9948
3526.0	 0.9947
3527.0	 0.9947
3528.0	 0.9947
3529.0	 0.9947
3530.0	 0.9946
3531.0	 0.9946
3532.0	 0.9946
3533.0	 0.9946
3534.0	 0.9945
3535.0	 0.9945
3536.0	 0.9945
3537.0	 0.9945
3538.0	 0.9944
3539.0	 0.9944
3540.0	 0.9944
3541.0	 0.9944
3542.0	 0.9943
3543.0	 0.9943
3544.0	 0.9943
3545.0	 0.9942
3546.0	 0.9942
3547.0	 0.9942
3548.0	 0.9941
3549.0	 0.9941
3550.0	 0.9941
3551.0	 0.9941
3552.0	 0.9940
3553.0	 0.9940
3554.0	 0.9940
3555.0	 0.9939
3556.0	 0.9939
3557.0	 0.9939
3558.0	 0.9938
3559.0	 0.9938
3560.0	 0.9938
3561.0	 0.9938
3562.0	 0.9937
3563.0	 0.9937
3564.0	 0.9937
3565.0	 0.9936
3566.0	 0.9936
3567.0	 0.9936
3568.0	 0.9935
3569.0	 0.9935
3570.0	 0.9935
3571.0	 0.9934
3572.0	 0.9934
3573.0	 0.9934
3574.0	 0.9933
3575.0	 0.9933
3576.0	 0.9933
3577.0	 0.9932
3578.0	 0.9932
3579.0	 0.9932
3580.0	 0.9931
3581.0	 0.9931
3582.0	 0.9930
3583.0	 0.9930
3584.0	 0.9930
3585.0	 0.9929
3586.0	 0.9929
3587.0	 0.9929
3588.0	 0.9928
3589.0	 0.9928
3590.0	 0.9927
3591.0	 0.9927
3592.0	 0.9927
3593.0	 0.9926
3594.0	 0.9926
3595.0	 0.9925
3596.0	 0.9925
3597.0	 0.9925
3598.0	 0.9924
3599.0	 0.9924
3600.0	 0.9923
3601.0	 0.9923
3602.0	 0.9922
3603.0	 0.9922
3604.0	 0.9922
3605.0	 0.9921
3606.0	 0.9921
3607.0	 0.9920
3608.0	 0.9920
3609.0	 0.9919
3610.0	 0.9919
3611.0	 0.9918
3612.0	 0.9918
3613.0	 0.9918
3614.0	 0.9917
3615.0	 0.9917
3616.0	 0.9916
3617.0	 0.9916
3618.0	 0.9915
3619.0	 0.9915
3620.0	 0.9914
3621.0	 0.9914
3622.0	 0.9913
3623.0	 0.9913
3624.0	 0.9912
3625.0	 0.9912
3626.0	 0.9911
3627.0	 0.9911
3628.0	 0.9910
3629.0	 0.9910
3630.0	 0.9909
3631.0	 0.9908
3632.0	 0.9908
3633.0	 0.9907
3634.0	 0.9907
3635.0	 0.9906
3636.0	 0.9906
3637.0	 0.9905
3638.0	 0.9905
3639.0	 0.9904
3640.0	 0.9903
3641.0	 0.9903
3642.0	 0.9902
3643.0	 0.9902
3644.0	 0.9901
3645.0	 0.9900
3646.0	 0.9900
3647.0	 0.9899
3648.0	 0.9899
3649.0	 0.9898
3650.0	 0.9897
3651.0	 0.9897
3652.0	 0.9896
3653.0	 0.9895
3654.0	 0.9895
3655.0	 0.9894
3656.0	 0.9893
3657.0	 0.9893
3658.0	 0.9892
3659.0	 0.9891
3660.0	 0.9891
3661.0	 0.9890
3662.0	 0.9889
3663.0	 0.9888
3664.0	 0.9888
3665.0	 0.9887
3666.0	 0.9886
3667.0	 0.9886
3668.0	 0.9885
3669.0	 0.9884
3670.0	 0.9883
3671.0	 0.9883
3672.0	 0.9882
3673.0	 0.9881
3674.0	 0.9880
3675.0	 0.9879
3676.0	 0.9879
3677.0	 0.9878
3678.0	 0.9877
3679.0	 0.9876
3680.0	 0.9875
3681.0	 0.9874
3682.0	 0.9874
3683.0	 0.9873
3684.0	 0.9872
3685.0	 0.9871
3686.0	 0.9870
3687.0	 0.9869
3688.0	 0.9868
3689.0	 0.9867
3690.0	 0.9866
3691.0	 0.9865
3692.0	 0.9864
3693.0	 0.9863
3694.0	 0.9862
3695.0	 0.9862
3696.0	 0.9861
3697.0	 0.9860
3698.0	 0.9858
3699.0	 0.9857
3700.0	 0.9856
3701.0	 0.9855
3702.0	 0.9854
3703.0	 0.9853
3704.0	 0.9852
3705.0	 0.9851
3706.0	 0.9850
3707.0	 0.9849
3708.0	 0.9848
3709.0	 0.9847
3710.0	 0.9845
3711.0	 0.9844
3712.0	 0.9843
3713.0	 0.9842
3714.0	 0.9841
3715.0	 0.9839
3716.0	 0.9838
3717.0	 0.9837
3718.0	 0.9836
3719.0	 0.9834
3720.0	 0.9833
3721.0	 0.9832
3722.0	 0.9830
3723.0	 0.9829
3724.0	 0.9828
3725.0	 0.9826
3726.0	 0.9825
3727.0	 0.9824
3728.0	 0.9822
3729.0	 0.9821
3730.0	 0.9819
3731.0	 0.9818
3732.0	 0.9816
3733.0	 0.9815
3734.0	 0.9813
3735.0	 0.9811
3736.0	 0.9810
3737.0	 0.9808
3738.0	 0.9807
3739.0	 0.9805
3740.0	 0.9803
3741.0	 0.9802
3742.0	 0.9800
3743.0	 0.9798
3744.0	 0.9796
3745.0	 0.9795
3746.0	 0.9793
3747.0	 0.9791
3748.0	 0.9789
3749.0	 0.9787
3750.0	 0.9785
3751.0	 0.9783
3752.0	 0.9781
3753.0	 0.9779
3754.0	 0.9777
3755.0	 0.9775
3756.0	 0.9773
3757.0	 0.9771
3758.0	 0.9769
3759.0	 0.9767
3760.0	 0.9764
3761.0	 0.9762
3762.0	 0.9760
3763.0	 0.9758
3764.0	 0.9755
3765.0	 0.9753
3766.0	 0.9750
3767.0	 0.9748
3768.0	 0.9745
3769.0	 0.9743
3770.0	 0.9740
3771.0	 0.9738
3772.0	 0.9735
3773.0	 0.9732
3774.0	 0.9729
3775.0	 0.9726
3776.0	 0.9724
3777.0	 0.9721
3778.0	 0.9718
3779.0	 0.9715
3780.0	 0.9712
3781.0	 0.9708
3782.0	 0.9705
3783.0	 0.9702
3784.0	 0.9699
3785.0	 0.9695
3786.0	 0.9692
3787.0	 0.9688
3788.0	 0.9685
3789.0	 0.9681
3790.0	 0.9677
3791.0	 0.9674
3792.0	 0.9670
3793.0	 0.9666
3794.0	 0.9662
3795.0	 0.9658
3796.0	 0.9653
3797.0	 0.9649
3798.0	 0.9645
3799.0	 0.9640
3800.0	 0.9636
3801.0	 0.9631
3802.0	 0.9626
3803.0	 0.9621
3804.0	 0.9616
3805.0	 0.9611
3806.0	 0.9606
3807.0	 0.9601
3808.0	 0.9595
3809.0	 0.9590
3810.0	 0.9584
3811.0	 0.9578
3812.0	 0.9572
3813.0	 0.9566
3814.0	 0.9559
3815.0	 0.9553
3816.0	 0.9546
3817.0	 0.9539
3818.0	 0.9532
3819.0	 0.9525
3820.0	 0.9518
3821.0	 0.9510
3822.0	 0.9502
3823.0	 0.9494
3824.0	 0.9486
3825.0	 0.9478
3826.0	 0.9469
3827.0	 0.9460
3828.0	 0.9450
3829.0	 0.9441
3830.0	 0.9431
3831.0	 0.9421
3832.0	 0.9410
3833.0	 0.9399
3834.0	 0.9388
3835.0	 0.9376
3836.0	 0.9364
3837.0	 0.9351
3838.0	 0.9338
3839.0	 0.9325
3840.0	 0.9311
3841.0	 0.9296
3842.0	 0.9281
3843.0	 0.9266
3844.0	 0.9249
3845.0	 0.9232
3846.0	 0.9214
3847.0	 0.9196
3848.0	 0.9177
3849.0	 0.9156
3850.0	 0.9135
3851.0	 0.9113
3852.0	 0.9090
3853.0	 0.9065
3854.0	 0.9040
3855.0	 0.9013
3856.0	 0.8984
3857.0	 0.8954
3858.0	 0.8923
3859.0	 0.8889
3860.0	 0.8853
3861.0	 0.8815
3862.0	 0.8775
3863.0	 0.8732
3864.0	 0.8686
3865.0	 0.8637
3866.0	 0.8584
3867.0	 0.8527
3868.0	 0.8466
3869.0	 0.8400
3870.0	 0.8328
3871.0	 0.8249
3872.0	 0.8163
3873.0	 0.8068
3874.0	 0.7964
3875.0	 0.7849
3876.0	 0.7720
3877.0	 0.7575
3878.0	 0.7412
3879.0	 0.7226
3880.0	 0.7014
3881.0	 0.6768
3882.0	 0.6480
3883.0	 0.6140
3884.0	 0.5734
3885.0	 0.5242
3886.0	 0.4639
3887.0	 0.3899
3888.0	 0.3002
3889.0	 0.2014
3890.0	 0.1380
3891.0	 0.3081
3892.0	 1.1625
3893.0	 2.2097
3894.0	 2.3864
3895.0	 2.1866
3896.0	 1.9746
3897.0	 1.8100
3898.0	 1.6869
3899.0	 1.5939
3900.0	 1.5219
3901.0	 1.4649
3902.0	 1.4188
3903.0	 1.3809
3904.0	 1.3492
3905.0	 1.3224
3906.0	 1.2993
3907.0	 1.2794
3908.0	 1.2619
3909.0	 1.2465
3910.0	 1.2329
3911.0	 1.2207
3912.0	 1.2097
3913.0	 1.1997
3914.0	 1.1907
3915.0	 1.1825
3916.0	 1.1750
3917.0	 1.1680
3918.0	 1.1617
3919.0	 1.1557
3920.0	 1.1503
3921.0	 1.1452
3922.0	 1.1404
3923.0	 1.1359
3924.0	 1.1318
3925.0	 1.1279
3926.0	 1.1242
3927.0	 1.1207
3928.0	 1.1174
3929.0	 1.1143
3930.0	 1.1114
3931.0	 1.1086
3932.0	 1.1060
3933.0	 1.1034
3934.0	 1.1010
3935.0	 1.0987
3936.0	 1.0966
3937.0	 1.0945
3938.0	 1.0925
3939.0	 1.0906
3940.0	 1.0887
3941.0	 1.0870
3942.0	 1.0853
3943.0	 1.0836
3944.0	 1.0821
3945.0	 1.0806
3946.0	 1.0791
3947.0	 1.0777
3948.0	 1.0764
3949.0	 1.0750
3950.0	 1.0738
3951.0	 1.0725
3952.0	 1.0714
3953.0	 1.0702
3954.0	 1.0691
3955.0	 1.0680
3956.0	 1.0670
3957.0	 1.0660
3958.0	 1.0650
3959.0	 1.0640
3960.0	 1.0631
3961.0	 1.0622
3962.0	 1.0613
3963.0	 1.0604
3964.0	 1.0596
3965.0	 1.0588
3966.0	 1.0579
3967.0	 1.0572
3968.0	 1.0564
3969.0	 1.0556
3970.0	 1.0549
3971.0	 1.0542
3972.0	 1.0535
3973.0	 1.0528
3974.0	 1.0521
3975.0	 1.0515
3976.0	 1.0508
3977.0	 1.0502
3978.0	 1.0496
3979.0	 1.0489
3980.0	 1.0483
3981.0	 1.0477
3982.0	 1.0471
3983.0	 1.0466
3984.0	 1.0460
3985.0	 1.0454
3986.0	 1.0449
3987.0	 1.0443
3988.0	 1.0438
3989.0	 1.0432
3990.0	 1.0427
3991.0	 1.0422
3992.0	 1.0417
3993.0	 1.0411
3994.0	 1.0406
3995.0	 1.0401
3996.0	 1.0396
3997.0	 1.0391
3998.0	 1.0386
3999.0	 1.0381
4000.0	 1.0376
4001.0	 1.0371
4002.0	 1.0366
4003.0	 1.0361
4004.0	 1.0356
4005.0	 1.0351
4006.0	 1.0346
4007.0	 1.0340
4008.0	 1.0335
4009.0	 1.0330
4010.0	 1.0325
4011.0	 1.0320
4012.0	 1.0314
4013.0	 1.0309
4014.0	 1.0303
4015.0	 1.0298
4016.0	 1.0292
4017.0	 1.0286
4018.0	 1.0280
4019.0	 1.0274
4020.0	 1.0268
4021.0	 1.0261
4022.0	 1.0255
4023.0	 1.0248
4024.0	 1.0241
4025.0	 1.0233
4026.0	 1.0226
4027.0	 1.0218
4028.0	 1.0209
4029.0	 1.0200
4030.0	 1.0191
4031.0	 1.0181
4032.0	 1.0171
4033.0	 1.0160
4034.0	 1.0148
4035.0	 1.0136
4036.0	 1.0122
4037.0	 1.0107
4038.0	 1.0091
4039.0	 1.0074
4040.0	 1.0055
4041.0	 1.0033
4042.0	 1.0009
4043.0	 0.9982
4044.0	 0.9952
4045.0	 0.9917
4046.0	 0.9876
4047.0	 0.9828
4048.0	 0.9770
4049.0	 0.9700
4050.0	 0.9612
4051.0	 0.9499
4052.0	 0.9348
4053.0	 0.9140
4054.0	 0.8837
4055.0	 0.8386
4056.0	 0.7882
4057.0	 0.9960
4058.0	 1.4159
4059.0	 1.3208
4060.0	 1.2363
4061.0	 1.1869
4062.0	 1.1561
4063.0	 1.1353
4064.0	 1.1204
4065.0	 1.1093
4066.0	 1.1006
4067.0	 1.0936
4068.0	 1.0880
4069.0	 1.0832
4070.0	 1.0792
4071.0	 1.0758
4072.0	 1.0728
4073.0	 1.0701
4074.0	 1.0678
4075.0	 1.0657
4076.0	 1.0638
4077.0	 1.0621
4078.0	 1.0605
4079.0	 1.0591
4080.0	 1.0578
4081.0	 1.0566
4082.0	 1.0555
4083.0	 1.0544
4084.0	 1.0534
4085.0	 1.0525
4086.0	 1.0516
4087.0	 1.0507
4088.0	 1.0499
4089.0	 1.0492
4090.0	 1.0484
4091.0	 1.0477
4092.0	 1.0470
4093.0	 1.0464
4094.0	 1.0457
4095.0	 1.0451
4096.0	 1.0445
4097.0	 1.0439
4098.0	 1.0432
4099.0	 1.0426
4100.0	 1.0420
4101.0	 1.0414
4102.0	 1.0408
4103.0	 1.0402
4104.0	 1.0396
4105.0	 1.0389
4106.0	 1.0383
4107.0	 1.0376
4108.0	 1.0369
4109.0	 1.0362
4110.0	 1.0354
4111.0	 1.0346
4112.0	 1.0337
4113.0	 1.0328
4114.0	 1.0318
4115.0	 1.0308
4116.0	 1.0296
4117.0	 1.0284
4118.0	 1.0270
4119.0	 1.0255
4120.0	 1.0238
4121.0	 1.0219
4122.0	 1.0198
4123.0	 1.0173
4124.0	 1.0145
4125.0	 1.0113
4126.0	 1.0075
4127.0	 1.0029
4128.0	 0.9974
4129.0	 0.9906
4130.0	 0.9821
4131.0	 0.9710
4132.0	 0.9560
4133.0	 0.9351
4134.0	 0.9039
4135.0	 0.8539
4136.0	 0.7711
4137.0	 0.7851
4138.0	 1.6268
4139.0	 1.4472
4140.0	 1.3122
4141.0	 1.2448
4142.0	 1.2060
4143.0	 1.1813
4144.0	 1.1643
4145.0	 1.1521
4146.0	 1.1430
4147.0	 1.1360
4148.0	 1.1305
4149.0	 1.1262
4150.0	 1.1227
4151.0	 1.1200
4152.0	 1.1178
4153.0	 1.1162
4154.0	 1.1149
4155.0	 1.1139
4156.0	 1.1133
4157.0	 1.1129
4158.0	 1.1128
4159.0	 1.1129
4160.0	 1.1132
4161.0	 1.1137
4162.0	 1.1144
4163.0	 1.1154
4164.0	 1.1165
4165.0	 1.1178
4166.0	 1.1193
4167.0	 1.1210
4168.0	 1.1230
4169.0	 1.1252
4170.0	 1.1276
4171.0	 1.1303
4172.0	 1.1333
4173.0	 1.1366
4174.0	 1.1402
4175.0	 1.1442
4176.0	 1.1486
4177.0	 1.1535
4178.0	 1.1590
4179.0	 1.1650
4180.0	 1.1718
4181.0	 1.1793
4182.0	 1.1878
4183.0	 1.1973
4184.0	 1.2082
4185.0	 1.2206
4186.0	 1.2349
4187.0	 1.2516
4188.0	 1.2711
4189.0	 1.2944
4190.0	 1.3225
4191.0	 1.3571
4192.0	 1.4006
4193.0	 1.4568
4194.0	 1.5320
4195.0	 1.6376
4196.0	 1.7957
4197.0	 2.0557
4198.0	 2.5512
4199.0	 3.7582
4200.0	 7.2947
4201.0	 1.6976
4202.0	 0.1489
4203.0	 0.2277
4204.0	 0.3616
4205.0	 0.4655
4206.0	 0.5428
4207.0	 0.6013
4208.0	 0.6469
4209.0	 0.6831
4210.0	 0.7125
4211.0	 0.7368
4212.0	 0.7572
4213.0	 0.7745
4214.0	 0.7893
4215.0	 0.8021
4216.0	 0.8134
4217.0	 0.8232
4218.0	 0.8319
4219.0	 0.8396
4220.0	 0.8465
4221.0	 0.8527
4222.0	 0.8582
4223.0	 0.8632
4224.0	 0.8677
4225.0	 0.8718
4226.0	 0.8755
4227.0	 0.8788
4228.0	 0.8818
4229.0	 0.8846
4230.0	 0.8870
4231.0	 0.8893
4232.0	 0.8913
4233.0	 0.8931
4234.0	 0.8947
4235.0	 0.8962
4236.0	 0.8975
4237.0	 0.8986
4238.0	 0.8995
4239.0	 0.9004
4240.0	 0.9010
4241.0	 0.9016
4242.0	 0.9020
4243.0	 0.9023
4244.0	 0.9024
4245.0	 0.9025
4246.0	 0.9024
4247.0	 0.9022
4248.0	 0.9018
4249.0	 0.9014
4250.0	 0.9008
4251.0	 0.9001
4252.0	 0.8993
4253.0	 0.8983
4254.0	 0.8972
4255.0	 0.8959
4256.0	 0.8945
4257.0	 0.8930
4258.0	 0.8913
4259.0	 0.8894
4260.0	 0.8873
4261.0	 0.8850
4262.0	 0.8826
4263.0	 0.8799
4264.0	 0.8770
4265.0	 0.8738
4266.0	 0.8704
4267.0	 0.8666
4268.0	 0.8626
4269.0	 0.8582
4270.0	 0.8534
4271.0	 0.8482
4272.0	 0.8426
4273.0	 0.8365
4274.0	 0.8299
4275.0	 0.8227
4276.0	 0.8149
4277.0	 0.8063
4278.0	 0.7971
4279.0	 0.7871
4280.0	 0.7764
4281.0	 0.7648
4282.0	 0.7525
4283.0	 0.7397
4284.0	 0.7267
4285.0	 0.7142
4286.0	 0.7034
4287.0	 0.6964
4288.0	 0.6965
4289.0	 0.7094
4290.0	 0.7436
4291.0	 0.8100
4292.0	 0.9188
4293.0	 1.0708
4294.0	 1.2472
4295.0	 1.4123
4296.0	 1.5334
4297.0	 1.6002
4298.0	 1.6219
4299.0	 1.6146
4300.0	 1.5917
4301.0	 1.5621
4302.0	 1.5309
4303.0	 1.5006
4304.0	 1.4725
4305.0	 1.4468
4306.0	 1.4238
4307.0	 1.4033
4308.0	 1.3850
4309.0	 1.3687
4310.0	 1.3543
4311.0	 1.3414
4312.0	 1.3300
4313.0	 1.3199
4314.0	 1.3109
4315.0	 1.3029
4316.0	 1.2958
4317.0	 1.2895
4318.0	 1.2840
4319.0	 1.2792
4320.0	 1.2750
4321.0	 1.2713
4322.0	 1.2683
4323.0	 1.2657
4324.0	 1.2636
4325.0	 1.2620
4326.0	 1.2608
4327.0	 1.2601
4328.0	 1.2597
4329.0	 1.2598
4330.0	 1.2602
4331.0	 1.2611
4332.0	 1.2623
4333.0	 1.2640
4334.0	 1.2661
4335.0	 1.2686
4336.0	 1.2716
4337.0	 1.2750
4338.0	 1.2789
4339.0	 1.2833
4340.0	 1.2882
4341.0	 1.2937
4342.0	 1.2999
4343.0	 1.3067
4344.0	 1.3143
4345.0	 1.3227
4346.0	 1.3320
4347.0	 1.3423
4348.0	 1.3537
4349.0	 1.3664
4350.0	 1.3805
4351.0	 1.3962
4352.0	 1.4138
4353.0	 1.4335
4354.0	 1.4558
4355.0	 1.4810
4356.0	 1.5098
4357.0	 1.5429
4358.0	 1.5811
4359.0	 1.6259
4360.0	 1.6787
4361.0	 1.7418
4362.0	 1.8185
4363.0	 1.9132
4364.0	 2.0328
4365.0	 2.1878
4366.0	 2.3955
4367.0	 2.6851
4368.0	 3.1107
4369.0	 3.7770
4370.0	 4.8928
4371.0	 6.7480
4372.0	 8.2456
4373.0	 4.8831
4374.0	 1.4736
4375.0	 0.4027
4376.0	 0.1505
4377.0	 0.1268
4378.0	 0.1673
4379.0	 0.2231
4380.0	 0.2791
4381.0	 0.3306
4382.0	 0.3764
4383.0	 0.4167
4384.0	 0.4522
4385.0	 0.4833
4386.0	 0.5108
4387.0	 0.5350
4388.0	 0.5564
4389.0	 0.5755
4390.0	 0.5925
4391.0	 0.6076
4392.0	 0.6211
4393.0	 0.6332
4394.0	 0.6439
4395.0	 0.6535
4396.0	 0.6620
4397.0	 0.6695
4398.0	 0.6761
4399.0	 0.6818
4400.0	 0.6867
4401.0	 0.6907
4402.0	 0.6940
4403.0	 0.6965
4404.0	 0.6982
4405.0	 0.6990
4406.0	 0.6989
4407.0	 0.6980
4408.0	 0.6960
4409.0	 0.6928
4410.0	 0.6884
4411.0	 0.6825
4412.0	 0.6748
4413.0	 0.6651
4414.0	 0.6529
4415.0	 0.6377
4416.0	 0.6192
4417.0	 0.5970
4418.0	 0.5723
4419.0	 0.5506
4420.0	 0.5523
4421.0	 0.6381
4422.0	 0.9079
4423.0	 1.2580
4424.0	 1.3927
4425.0	 1.3590
4426.0	 1.2882
4427.0	 1.2242
4428.0	 1.1735
4429.0	 1.1342
4430.0	 1.1036
4431.0	 1.0794
4432.0	 1.0599
4433.0	 1.0440
4434.0	 1.0309
4435.0	 1.0199
4436.0	 1.0107
4437.0	 1.0027
4438.0	 0.9959
4439.0	 0.9899
4440.0	 0.9847
4441.0	 0.9802
4442.0	 0.9761
4443.0	 0.9725
4444.0	 0.9692
4445.0	 0.9663
4446.0	 0.9637
4447.0	 0.9613
4448.0	 0.9591
4449.0	 0.9571
4450.0	 0.9553
4451.0	 0.9536
4452.0	 0.9520
4453.0	 0.9506
4454.0	 0.9492
4455.0	 0.9479
4456.0	 0.9467
4457.0	 0.9456
4458.0	 0.9446
4459.0	 0.9435
4460.0	 0.9426
4461.0	 0.9417
4462.0	 0.9408
4463.0	 0.9400
4464.0	 0.9392
4465.0	 0.9384
4466.0	 0.9376
4467.0	 0.9369
4468.0	 0.9362
4469.0	 0.9355
4470.0	 0.9348
4471.0	 0.9342
4472.0	 0.9335
4473.0	 0.9328
4474.0	 0.9322
4475.0	 0.9316
4476.0	 0.9309
4477.0	 0.9303
4478.0	 0.9297
4479.0	 0.9290
4480.0	 0.9284
4481.0	 0.9278
4482.0	 0.9271
4483.0	 0.9265
4484.0	 0.9258
4485.0	 0.9252
4486.0	 0.9245
4487.0	 0.9238
4488.0	 0.9231
4489.0	 0.9224
4490.0	 0.9217
4491.0	 0.9210
4492.0	 0.9202
4493.0	 0.9194
4494.0	 0.9187
4495.0	 0.9179
4496.0	 0.9170
4497.0	 0.9162
4498.0	 0.9153
4499.0	 0.9144
4500.0	 0.9134
4501.0	 0.9124
4502.0	 0.9114
4503.0	 0.9104
4504.0	 0.9093
4505.0	 0.9081
4506.0	 0.9069
4507.0	 0.9056
4508.0	 0.9043
4509.0	 0.9029
4510.0	 0.9014
4511.0	 0.8999
4512.0	 0.8982
4513.0	 0.8965
4514.0	 0.8946
4515.0	 0.8926
4516.0	 0.8904
4517.0	 0.8880
4518.0	 0.8855
4519.0	 0.8827
4520.0	 0.8796
4521.0	 0.8763
4522.0	 0.8725
4523.0	 0.8683
4524.0	 0.8636
4525.0	 0.8581
4526.0	 0.8519
4527.0	 0.8446
4528.0	 0.8359
4529.0	 0.8253
4530.0	 0.8123
4531.0	 0.7959
4532.0	 0.7744
4533.0	 0.7455
4534.0	 0.7053
4535.0	 0.6505
4536.0	 0.6082
4537.0	 0.9035
4538.0	 1.4916
4539.0	 1.3768
4540.0	 1.2430
4541.0	 1.1625
4542.0	 1.1121
4543.0	 1.0781
4544.0	 1.0537
4545.0	 1.0355
4546.0	 1.0212
4547.0	 1.0098
4548.0	 1.0004
4549.0	 0.9925
4550.0	 0.9857
4551.0	 0.9799
4552.0	 0.9747
4553.0	 0.9702
4554.0	 0.9661
4555.0	 0.9623
4556.0	 0.9590
4557.0	 0.9558
4558.0	 0.9530
4559.0	 0.9503
4560.0	 0.9478
4561.0	 0.9454
4562.0	 0.9432
4563.0	 0.9411
4564.0	 0.9390
4565.0	 0.9371
4566.0	 0.9352
4567.0	 0.9334
4568.0	 0.9317
4569.0	 0.9300
4570.0	 0.9284
4571.0	 0.9268
4572.0	 0.9252
4573.0	 0.9237
4574.0	 0.9222
4575.0	 0.9207
4576.0	 0.9192
4577.0	 0.9178
4578.0	 0.9164
4579.0	 0.9150
4580.0	 0.9136
4581.0	 0.9122
4582.0	 0.9108
4583.0	 0.9094
4584.0	 0.9081
4585.0	 0.9067
4586.0	 0.9053
4587.0	 0.9040
4588.0	 0.9026
4589.0	 0.9013
4590.0	 0.8999
4591.0	 0.8985
4592.0	 0.8972
4593.0	 0.8958
4594.0	 0.8944
4595.0	 0.8930
4596.0	 0.8916
4597.0	 0.8902
4598.0	 0.8888
4599.0	 0.8873
4600.0	 0.8859
4601.0	 0.8844
4602.0	 0.8830
4603.0	 0.8815
4604.0	 0.8800
4605.0	 0.8784
4606.0	 0.8769
4607.0	 0.8754
4608.0	 0.8738
4609.0	 0.8722
4610.0	 0.8706
4611.0	 0.8690
4612.0	 0.8673
4613.0	 0.8656
4614.0	 0.8639
4615.0	 0.8622
4616.0	 0.8605
4617.0	 0.8587
4618.0	 0.8569
4619.0	 0.8551
4620.0	 0.8532
4621.0	 0.8513
4622.0	 0.8494
4623.0	 0.8475
4624.0	 0.8455
4625.0	 0.8435
4626.0	 0.8414
4627.0	 0.8393
4628.0	 0.8372
4629.0	 0.8350
4630.0	 0.8328
4631.0	 0.8306
4632.0	 0.8283
4633.0	 0.8259
4634.0	 0.8236
4635.0	 0.8211
4636.0	 0.8186
4637.0	 0.8161
4638.0	 0.8135
4639.0	 0.8109
4640.0	 0.8082
4641.0	 0.8054
4642.0	 0.8026
4643.0	 0.7997
4644.0	 0.7968
4645.0	 0.7937
4646.0	 0.7906
4647.0	 0.7875
4648.0	 0.7842
4649.0	 0.7809
4650.0	 0.7774
4651.0	 0.7739
4652.0	 0.7703
4653.0	 0.7666
4654.0	 0.7628
4655.0	 0.7589
4656.0	 0.7548
4657.0	 0.7507
4658.0	 0.7464
4659.0	 0.7420
4660.0	 0.7374
4661.0	 0.7327
4662.0	 0.7278
4663.0	 0.7227
4664.0	 0.7175
4665.0	 0.7120
4666.0	 0.7064
4667.0	 0.7005
4668.0	 0.6944
4669.0	 0.6880
4670.0	 0.6813
4671.0	 0.6743
4672.0	 0.6669
4673.0	 0.6591
4674.0	 0.6509
4675.0	 0.6422
4676.0	 0.6330
4677.0	 0.6230
4678.0	 0.6124
4679.0	 0.6009
4680.0	 0.5884
4681.0	 0.5746
4682.0	 0.5594
4683.0	 0.5424
4684.0	 0.5232
4685.0	 0.5011
4686.0	 0.4754
4687.0	 0.4447
4688.0	 0.4076
4689.0	 0.3620
4690.0	 0.3064
4691.0	 0.2492
4692.0	 0.2936
4693.0	 2.5269
4694.0	 13.5352
4695.0	 3.0470
4696.0	 1.7984
4697.0	 1.3784
4698.0	 1.1733
4699.0	 1.0524
4700.0	 0.9729
4701.0	 0.9165
4702.0	 0.8746
4703.0	 0.8425
4704.0	 0.8175
4705.0	 0.7977
4706.0	 0.7824
4707.0	 0.7707
4708.0	 0.7622
4709.0	 0.7569
4710.0	 0.7544
4711.0	 0.7550
4712.0	 0.7584
4713.0	 0.7649
4714.0	 0.7745
4715.0	 0.7874
4716.0	 0.8036
4717.0	 0.8233
4718.0	 0.8465
4719.0	 0.8733
4720.0	 0.9034
4721.0	 0.9370
4722.0	 0.9735
4723.0	 1.0127
4724.0	 1.0542
4725.0	 1.0974
4726.0	 1.1417
4727.0	 1.1864
4728.0	 1.2308
4729.0	 1.2742
4730.0	 1.3161
4731.0	 1.3557
4732.0	 1.3928
4733.0	 1.4269
4734.0	 1.4578
4735.0	 1.4853
4736.0	 1.5094
4737.0	 1.5301
4738.0	 1.5475
4739.0	 1.5619
4740.0	 1.5733
4741.0	 1.5822
4742.0	 1.5886
4743.0	 1.5929
4744.0	 1.5953
4745.0	 1.5960
4746.0	 1.5953
4747.0	 1.5933
4748.0	 1.5902
4749.0	 1.5863
4750.0	 1.5815
4751.0	 1.5762
4752.0	 1.5703
4753.0	 1.5641
4754.0	 1.5575
4755.0	 1.5506
4756.0	 1.5436
4757.0	 1.5364
4758.0	 1.5292
4759.0	 1.5219
4760.0	 1.5146
4761.0	 1.5073
4762.0	 1.5001
4763.0	 1.4929
4764.0	 1.4858
4765.0	 1.4788
4766.0	 1.4719
4767.0	 1.4651
4768.0	 1.4584
4769.0	 1.4519
4770.0	 1.4454
4771.0	 1.4391
4772.0	 1.4330
4773.0	 1.4269
4774.0	 1.4210
4775.0	 1.4152
4776.0	 1.4095
4777.0	 1.4040
4778.0	 1.3986
4779.0	 1.3933
4780.0	 1.3881
4781.0	 1.3831
4782.0	 1.3781
4783.0	 1.3733
4784.0	 1.3686
4785.0	 1.3640
4786.0	 1.3595
4787.0	 1.3551
4788.0	 1.3508
4789.0	 1.3466
4790.0	 1.3425
4791.0	 1.3384
4792.0	 1.3345
4793.0	 1.3306
4794.0	 1.3269
4795.0	 1.3232
4796.0	 1.3196
4797.0	 1.3161
4798.0	 1.3126
4799.0	 1.3092
4800.0	 1.3059
4801.0	 1.3027
4802.0	 1.2995
4803.0	 1.2964
4804.0	 1.2933
4805.0	 1.2903
4806.0	 1.2873
4807.0	 1.2845
4808.0	 1.2816
4809.0	 1.2788
4810.0	 1.2761
4811.0	 1.2735
4812.0	 1.2708
4813.0	 1.2682
4814.0	 1.2657
4815.0	 1.2632
4816.0	 1.2607
4817.0	 1.2583
4818.0	 1.2560
4819.0	 1.2536
4820.0	 1.2513
4821.0	 1.2491
4822.0	 1.2468
4823.0	 1.2446
4824.0	 1.2425
4825.0	 1.2404
4826.0	 1.2382
4827.0	 1.2362
4828.0	 1.2341
4829.0	 1.2321
4830.0	 1.2301
4831.0	 1.2282
4832.0	 1.2262
4833.0	 1.2243
4834.0	 1.2224
4835.0	 1.2205
4836.0	 1.2187
4837.0	 1.2168
4838.0	 1.2150
4839.0	 1.2132
4840.0	 1.2114
4841.0	 1.2096
4842.0	 1.2079
4843.0	 1.2061
4844.0	 1.2044
4845.0	 1.2027
4846.0	 1.2010
4847.0	 1.1993
4848.0	 1.1975
4849.0	 1.1959
4850.0	 1.1942
4851.0	 1.1925
4852.0	 1.1908
4853.0	 1.1891
4854.0	 1.1875
4855.0	 1.1858
4856.0	 1.1841
4857.0	 1.1824
4858.0	 1.1807
4859.0	 1.1790
4860.0	 1.1773
4861.0	 1.1756
4862.0	 1.1738
4863.0	 1.1720
4864.0	 1.1703
4865.0	 1.1684
4866.0	 1.1666
4867.0	 1.1647
4868.0	 1.1628
4869.0	 1.1609
4870.0	 1.1589
4871.0	 1.1568
4872.0	 1.1547
4873.0	 1.1525
4874.0	 1.1502
4875.0	 1.1479
4876.0	 1.1454
4877.0	 1.1428
4878.0	 1.1401
4879.0	 1.1373
4880.0	 1.1343
4881.0	 1.1310
4882.0	 1.1276
4883.0	 1.1238
4884.0	 1.1198
4885.0	 1.1153
4886.0	 1.1104
4887.0	 1.1050
4888.0	 1.0988
4889.0	 1.0918
4890.0	 1.0837
4891.0	 1.0743
4892.0	 1.0631
4893.0	 1.0496
4894.0	 1.0329
4895.0	 1.0121
4896.0	 0.9862
4897.0	 0.9562
4898.0	 0.9390
4899.0	 1.0721
4900.0	 1.8836
4901.0	 2.0330
4902.0	 1.7156
4903.0	 1.5387
4904.0	 1.4414
4905.0	 1.3819
4906.0	 1.3422
4907.0	 1.3140
4908.0	 1.2929
4909.0	 1.2764
4910.0	 1.2633
4911.0	 1.2525
4912.0	 1.2435
4913.0	 1.2358
4914.0	 1.2291
4915.0	 1.2233
4916.0	 1.2182
4917.0	 1.2136
4918.0	 1.2094
4919.0	 1.2057
4920.0	 1.2023
4921.0	 1.1991
4922.0	 1.1962
4923.0	 1.1935
4924.0	 1.1909
4925.0	 1.1886
4926.0	 1.1863
4927.0	 1.1842
4928.0	 1.1822
4929.0	 1.1803
4930.0	 1.1785
4931.0	 1.1768
4932.0	 1.1752
4933.0	 1.1736
4934.0	 1.1720
4935.0	 1.1706
4936.0	 1.1692
4937.0	 1.1678
4938.0	 1.1665
4939.0	 1.1652
4940.0	 1.1639
4941.0	 1.1627
4942.0	 1.1615
4943.0	 1.1603
4944.0	 1.1592
4945.0	 1.1581
4946.0	 1.1570
4947.0	 1.1559
4948.0	 1.1549
4949.0	 1.1539
4950.0	 1.1529
4951.0	 1.1519
4952.0	 1.1509
4953.0	 1.1499
4954.0	 1.1490
4955.0	 1.1480
4956.0	 1.1471
4957.0	 1.1462
4958.0	 1.1453
4959.0	 1.1444
4960.0	 1.1435
4961.0	 1.1426
4962.0	 1.1417
4963.0	 1.1409
4964.0	 1.1400
4965.0	 1.1391
4966.0	 1.1383
4967.0	 1.1374
4968.0	 1.1366
4969.0	 1.1357
4970.0	 1.1349
4971.0	 1.1340
4972.0	 1.1332
4973.0	 1.1323
4974.0	 1.1315
4975.0	 1.1306
4976.0	 1.1298
4977.0	 1.1289
4978.0	 1.1281
4979.0	 1.1272
4980.0	 1.1264
4981.0	 1.1255
4982.0	 1.1246
4983.0	 1.1238
4984.0	 1.1229
4985.0	 1.1220
4986.0	 1.1211
4987.0	 1.1202
4988.0	 1.1193
4989.0	 1.1184
4990.0	 1.1175
4991.0	 1.1165
4992.0	 1.1156
4993.0	 1.1146
4994.0	 1.1136
4995.0	 1.1126
4996.0	 1.1116
4997.0	 1.1106
4998.0	 1.1096
4999.0	 1.1085
5000.0	 1.1074
5001.0	 1.1063
5002.0	 1.1052
5003.0	 1.1041
5004.0	 1.1029
5005.0	 1.1017
5006.0	 1.1005
5007.0	 1.0992
5008.0	 1.0979
5009.0	 1.0966
5010.0	 1.0953
5011.0	 1.0939
5012.0	 1.0925
5013.0	 1.0910
5014.0	 1.0894
5015.0	 1.0879
5016.0	 1.0862
5017.0	 1.0845
5018.0	 1.0828
5019.0	 1.0810
5020.0	 1.0791
5021.0	 1.0771
5022.0	 1.0751
5023.0	 1.0729
5024.0	 1.0707
5025.0	 1.0683
5026.0	 1.0659
5027.0	 1.0633
5028.0	 1.0606
5029.0	 1.0577
5030.0	 1.0547
5031.0	 1.0515
5032.0	 1.0481
5033.0	 1.0445
5034.0	 1.0406
5035.0	 1.0365
5036.0	 1.0321
5037.0	 1.0273
5038.0	 1.0222
5039.0	 1.0167
5040.0	 1.0106
5041.0	 1.0041
5042.0	 0.9969
5043.0	 0.9889
5044.0	 0.9802
5045.0	 0.9704
5046.0	 0.9595
5047.0	 0.9472
5048.0	 0.9332
5049.0	 0.9171
5050.0	 0.8984
5051.0	 0.8766
5052.0	 0.8506
5053.0	 0.8191
5054.0	 0.7804
5055.0	 0.7316
5056.0	 0.6684
5057.0	 0.5840
5058.0	 0.4683
5059.0	 0.3131
5059.5	 0.2349
5060.0	 0.2272
5060.5	 0.6688
5061.0	 4.8712
5062.0	 11.2393
5062.5	 5.7573
5063.0	 3.9652
5064.0	 2.6734
5065.0	 2.1782
5066.0	 1.9215
5067.0	 1.7656
5068.0	 1.6612
5069.0	 1.5865
5070.0	 1.5305
5071.0	 1.4870
5072.0	 1.4522
5073.0	 1.4238
5074.0	 1.4001
5075.0	 1.3801
5076.0	 1.3629
5077.0	 1.3480
5078.0	 1.3350
5079.0	 1.3236
5080.0	 1.3134
5081.0	 1.3043
5082.0	 1.2961
5083.0	 1.2887
5084.0	 1.2820
5085.0	 1.2758
5086.0	 1.2702
5087.0	 1.2650
5088.0	 1.2602
5089.0	 1.2558
5090.0	 1.2517
5091.0	 1.2479
5092.0	 1.2443
5093.0	 1.2410
5094.0	 1.2379
5095.0	 1.2349
5096.0	 1.2322
5097.0	 1.2296
5098.0	 1.2272
5099.0	 1.2249
5100.0	 1.2227
5101.0	 1.2206
5102.0	 1.2187
5103.0	 1.2168
5104.0	 1.2150
5105.0	 1.2133
5106.0	 1.2118
5107.0	 1.2102
5108.0	 1.2088
5109.0	 1.2074
5110.0	 1.2061
5111.0	 1.2048
5112.0	 1.2036
5113.0	 1.2024
5114.0	 1.2013
5115.0	 1.2003
5116.0	 1.1993
5117.0	 1.1983
5118.0	 1.1974
5119.0	 1.1965
5120.0	 1.1956
5121.0	 1.1948
5122.0	 1.1940
5123.0	 1.1933
5124.0	 1.1926
5125.0	 1.1919
5126.0	 1.1912
5127.0	 1.1906
5128.0	 1.1900
5129.0	 1.1894
5130.0	 1.1888
5131.0	 1.1883
5132.0	 1.1878
5133.0	 1.1873
5134.0	 1.1869
5135.0	 1.1864
5136.0	 1.1860
5137.0	 1.1856
5138.0	 1.1852
5139.0	 1.1848
5140.0	 1.1845
5141.0	 1.1842
5142.0	 1.1839
5143.0	 1.1836
5144.0	 1.1833
5145.0	 1.1830
5146.0	 1.1828
5147.0	 1.1826
5148.0	 1.1824
5149.0	 1.1822
5150.0	 1.1820
5151.0	 1.1819
5152.0	 1.1817
5153.0	 1.1816
5154.0	 1.1815
5155.0	 1.1814
5156.0	 1.1813
5157.0	 1.1812
5158.0	 1.1811
5159.0	 1.1811
5160.0	 1.1811
5161.0	 1.1811
5162.0	 1.1811
5163.0	 1.1811
5164.0	 1.1811
5165.0	 1.1812
5166.0	 1.1812
5167.0	 1.1813
5168.0	 1.1814
5169.0	 1.1815
5170.0	 1.1816
5171.0	 1.1818
5172.0	 1.1819
5173.0	 1.1821
5174.0	 1.1822
5175.0	 1.1824
5176.0	 1.1827
5177.0	 1.1829
5178.0	 1.1831
5179.0	 1.1834
5180.0	 1.1837
5181.0	 1.1840
5182.0	 1.1843
5183.0	 1.1846
5184.0	 1.1849
5185.0	 1.1853
5186.0	 1.1857
5187.0	 1.1861
5188.0	 1.1865
5189.0	 1.1869
5190.0	 1.1874
5191.0	 1.1878
5192.0	 1.1883
5193.0	 1.1889
5194.0	 1.1894
5195.0	 1.1900
5196.0	 1.1905
5197.0	 1.1911
5198.0	 1.1918
5199.0	 1.1924
5200.0	 1.1931
