The data were generated by SigmaCalc version 2.0. Update of 26-03-2013. File created 13-8-2020.
Si-nat(aa) at 148.7 deg.
 keV     RTR
3000.0	 0.9987
3010.0	 0.9987
3020.0	 0.9987
3030.0	 0.9987
3040.0	 0.9987
3050.0	 0.9987
3060.0	 0.9987
3070.0	 0.9987
3080.0	 0.9987
3090.0	 0.9987
3100.0	 0.9987
3110.0	 0.9987
3120.0	 0.9987
3130.0	 0.9986
3140.0	 0.9986
3150.0	 0.9986
3160.0	 0.9986
3170.0	 0.9985
3180.0	 0.9985
3190.0	 0.9985
3200.0	 0.9985
3210.0	 0.9984
3220.0	 0.9984
3230.0	 0.9984
3240.0	 0.9983
3250.0	 0.9983
3260.0	 0.9982
3270.0	 0.9982
3280.0	 0.9982
3290.0	 0.9981
3300.0	 0.9981
3310.0	 0.9980
3320.0	 0.9979
3330.0	 0.9979
3340.0	 0.9978
3350.0	 0.9977
3360.0	 0.9977
3370.0	 0.9976
3380.0	 0.9975
3390.0	 0.9974
3400.0	 0.9973
3410.0	 0.9972
3420.0	 0.9971
3430.0	 0.9970
3440.0	 0.9969
3450.0	 0.9968
3460.0	 0.9966
3470.0	 0.9965
3480.0	 0.9964
3490.0	 0.9962
3500.0	 0.9960
3501.0	 0.9960
3502.0	 0.9960
3503.0	 0.9960
3504.0	 0.9960
3505.0	 0.9959
3506.0	 0.9959
3507.0	 0.9959
3508.0	 0.9959
3509.0	 0.9959
3510.0	 0.9959
3511.0	 0.9958
3512.0	 0.9958
3513.0	 0.9958
3514.0	 0.9958
3515.0	 0.9958
3516.0	 0.9957
3517.0	 0.9957
3518.0	 0.9957
3519.0	 0.9957
3520.0	 0.9957
3521.0	 0.9956
3522.0	 0.9956
3523.0	 0.9956
3524.0	 0.9956
3525.0	 0.9956
3526.0	 0.9955
3527.0	 0.9955
3528.0	 0.9955
3529.0	 0.9955
3530.0	 0.9955
3531.0	 0.9954
3532.0	 0.9954
3533.0	 0.9954
3534.0	 0.9954
3535.0	 0.9954
3536.0	 0.9953
3537.0	 0.9953
3538.0	 0.9953
3539.0	 0.9953
3540.0	 0.9952
3541.0	 0.9952
3542.0	 0.9952
3543.0	 0.9952
3544.0	 0.9952
3545.0	 0.9951
3546.0	 0.9951
3547.0	 0.9951
3548.0	 0.9951
3549.0	 0.9950
3550.0	 0.9950
3551.0	 0.9950
3552.0	 0.9950
3553.0	 0.9949
3554.0	 0.9949
3555.0	 0.9949
3556.0	 0.9949
3557.0	 0.9948
3558.0	 0.9948
3559.0	 0.9948
3560.0	 0.9948
3561.0	 0.9947
3562.0	 0.9947
3563.0	 0.9947
3564.0	 0.9947
3565.0	 0.9946
3566.0	 0.9946
3567.0	 0.9946
3568.0	 0.9946
3569.0	 0.9945
3570.0	 0.9945
3571.0	 0.9945
3572.0	 0.9944
3573.0	 0.9944
3574.0	 0.9944
3575.0	 0.9944
3576.0	 0.9943
3577.0	 0.9943
3578.0	 0.9943
3579.0	 0.9943
3580.0	 0.9942
3581.0	 0.9942
3582.0	 0.9942
3583.0	 0.9941
3584.0	 0.9941
3585.0	 0.9941
3586.0	 0.9940
3587.0	 0.9940
3588.0	 0.9940
3589.0	 0.9939
3590.0	 0.9939
3591.0	 0.9939
3592.0	 0.9939
3593.0	 0.9938
3594.0	 0.9938
3595.0	 0.9938
3596.0	 0.9937
3597.0	 0.9937
3598.0	 0.9937
3599.0	 0.9936
3600.0	 0.9936
3601.0	 0.9935
3602.0	 0.9935
3603.0	 0.9935
3604.0	 0.9934
3605.0	 0.9934
3606.0	 0.9934
3607.0	 0.9933
3608.0	 0.9933
3609.0	 0.9933
3610.0	 0.9932
3611.0	 0.9932
3612.0	 0.9932
3613.0	 0.9931
3614.0	 0.9931
3615.0	 0.9930
3616.0	 0.9930
3617.0	 0.9930
3618.0	 0.9929
3619.0	 0.9929
3620.0	 0.9928
3621.0	 0.9928
3622.0	 0.9928
3623.0	 0.9927
3624.0	 0.9927
3625.0	 0.9926
3626.0	 0.9926
3627.0	 0.9926
3628.0	 0.9925
3629.0	 0.9925
3630.0	 0.9924
3631.0	 0.9924
3632.0	 0.9923
3633.0	 0.9923
3634.0	 0.9923
3635.0	 0.9922
3636.0	 0.9922
3637.0	 0.9921
3638.0	 0.9921
3639.0	 0.9920
3640.0	 0.9920
3641.0	 0.9919
3642.0	 0.9919
3643.0	 0.9918
3644.0	 0.9918
3645.0	 0.9917
3646.0	 0.9917
3647.0	 0.9916
3648.0	 0.9916
3649.0	 0.9915
3650.0	 0.9915
3651.0	 0.9914
3652.0	 0.9914
3653.0	 0.9913
3654.0	 0.9913
3655.0	 0.9912
3656.0	 0.9912
3657.0	 0.9911
3658.0	 0.9911
3659.0	 0.9910
3660.0	 0.9910
3661.0	 0.9909
3662.0	 0.9909
3663.0	 0.9908
3664.0	 0.9907
3665.0	 0.9907
3666.0	 0.9906
3667.0	 0.9906
3668.0	 0.9905
3669.0	 0.9904
3670.0	 0.9904
3671.0	 0.9903
3672.0	 0.9903
3673.0	 0.9902
3674.0	 0.9901
3675.0	 0.9901
3676.0	 0.9900
3677.0	 0.9899
3678.0	 0.9899
3679.0	 0.9898
3680.0	 0.9897
3681.0	 0.9897
3682.0	 0.9896
3683.0	 0.9895
3684.0	 0.9895
3685.0	 0.9894
3686.0	 0.9893
3687.0	 0.9893
3688.0	 0.9892
3689.0	 0.9891
3690.0	 0.9890
3691.0	 0.9890
3692.0	 0.9889
3693.0	 0.9888
3694.0	 0.9887
3695.0	 0.9887
3696.0	 0.9886
3697.0	 0.9885
3698.0	 0.9884
3699.0	 0.9883
3700.0	 0.9883
3701.0	 0.9882
3702.0	 0.9881
3703.0	 0.9880
3704.0	 0.9879
3705.0	 0.9878
3706.0	 0.9877
3707.0	 0.9877
3708.0	 0.9876
3709.0	 0.9875
3710.0	 0.9874
3711.0	 0.9873
3712.0	 0.9872
3713.0	 0.9871
3714.0	 0.9870
3715.0	 0.9869
3716.0	 0.9868
3717.0	 0.9867
3718.0	 0.9866
3719.0	 0.9865
3720.0	 0.9864
3721.0	 0.9863
3722.0	 0.9862
3723.0	 0.9861
3724.0	 0.9860
3725.0	 0.9859
3726.0	 0.9858
3727.0	 0.9857
3728.0	 0.9856
3729.0	 0.9855
3730.0	 0.9853
3731.0	 0.9852
3732.0	 0.9851
3733.0	 0.9850
3734.0	 0.9849
3735.0	 0.9848
3736.0	 0.9846
3737.0	 0.9845
3738.0	 0.9844
3739.0	 0.9842
3740.0	 0.9841
3741.0	 0.9840
3742.0	 0.9839
3743.0	 0.9837
3744.0	 0.9836
3745.0	 0.9834
3746.0	 0.9833
3747.0	 0.9832
3748.0	 0.9830
3749.0	 0.9829
3750.0	 0.9827
3751.0	 0.9826
3752.0	 0.9824
3753.0	 0.9823
3754.0	 0.9821
3755.0	 0.9819
3756.0	 0.9818
3757.0	 0.9816
3758.0	 0.9815
3759.0	 0.9813
3760.0	 0.9811
3761.0	 0.9809
3762.0	 0.9808
3763.0	 0.9806
3764.0	 0.9804
3765.0	 0.9802
3766.0	 0.9800
3767.0	 0.9798
3768.0	 0.9797
3769.0	 0.9795
3770.0	 0.9793
3771.0	 0.9791
3772.0	 0.9788
3773.0	 0.9786
3774.0	 0.9784
3775.0	 0.9782
3776.0	 0.9780
3777.0	 0.9778
3778.0	 0.9775
3779.0	 0.9773
3780.0	 0.9771
3781.0	 0.9768
3782.0	 0.9766
3783.0	 0.9763
3784.0	 0.9761
3785.0	 0.9758
3786.0	 0.9756
3787.0	 0.9753
3788.0	 0.9750
3789.0	 0.9747
3790.0	 0.9745
3791.0	 0.9742
3792.0	 0.9739
3793.0	 0.9736
3794.0	 0.9733
3795.0	 0.9730
3796.0	 0.9726
3797.0	 0.9723
3798.0	 0.9720
3799.0	 0.9716
3800.0	 0.9713
3801.0	 0.9709
3802.0	 0.9706
3803.0	 0.9702
3804.0	 0.9698
3805.0	 0.9695
3806.0	 0.9691
3807.0	 0.9687
3808.0	 0.9682
3809.0	 0.9678
3810.0	 0.9674
3811.0	 0.9669
3812.0	 0.9665
3813.0	 0.9660
3814.0	 0.9656
3815.0	 0.9651
3816.0	 0.9646
3817.0	 0.9641
3818.0	 0.9635
3819.0	 0.9630
3820.0	 0.9624
3821.0	 0.9618
3822.0	 0.9613
3823.0	 0.9607
3824.0	 0.9600
3825.0	 0.9594
3826.0	 0.9587
3827.0	 0.9581
3828.0	 0.9574
3829.0	 0.9566
3830.0	 0.9559
3831.0	 0.9551
3832.0	 0.9543
3833.0	 0.9535
3834.0	 0.9526
3835.0	 0.9518
3836.0	 0.9509
3837.0	 0.9499
3838.0	 0.9489
3839.0	 0.9479
3840.0	 0.9469
3841.0	 0.9458
3842.0	 0.9447
3843.0	 0.9435
3844.0	 0.9423
3845.0	 0.9410
3846.0	 0.9396
3847.0	 0.9383
3848.0	 0.9368
3849.0	 0.9353
3850.0	 0.9337
3851.0	 0.9320
3852.0	 0.9303
3853.0	 0.9284
3854.0	 0.9265
3855.0	 0.9245
3856.0	 0.9223
3857.0	 0.9201
3858.0	 0.9177
3859.0	 0.9151
3860.0	 0.9124
3861.0	 0.9096
3862.0	 0.9065
3863.0	 0.9033
3864.0	 0.8998
3865.0	 0.8961
3866.0	 0.8920
3867.0	 0.8877
3868.0	 0.8830
3869.0	 0.8779
3870.0	 0.8724
3871.0	 0.8664
3872.0	 0.8597
3873.0	 0.8524
3874.0	 0.8444
3875.0	 0.8354
3876.0	 0.8253
3877.0	 0.8140
3878.0	 0.8011
3879.0	 0.7863
3880.0	 0.7693
3881.0	 0.7494
3882.0	 0.7259
3883.0	 0.6977
3884.0	 0.6635
3885.0	 0.6210
3886.0	 0.5674
3887.0	 0.4984
3888.0	 0.4084
3889.0	 0.2926
3890.0	 0.1634
3891.0	 0.1328
3892.0	 0.5751
3893.0	 1.3888
3894.0	 1.7048
3895.0	 1.6829
3896.0	 1.5943
3897.0	 1.5105
3898.0	 1.4422
3899.0	 1.3879
3900.0	 1.3445
3901.0	 1.3092
3902.0	 1.2803
3903.0	 1.2561
3904.0	 1.2356
3905.0	 1.2181
3906.0	 1.2029
3907.0	 1.1897
3908.0	 1.1780
3909.0	 1.1677
3910.0	 1.1585
3911.0	 1.1503
3912.0	 1.1428
3913.0	 1.1360
3914.0	 1.1299
3915.0	 1.1242
3916.0	 1.1190
3917.0	 1.1142
3918.0	 1.1098
3919.0	 1.1057
3920.0	 1.1019
3921.0	 1.0983
3922.0	 1.0950
3923.0	 1.0919
3924.0	 1.0890
3925.0	 1.0862
3926.0	 1.0836
3927.0	 1.0812
3928.0	 1.0789
3929.0	 1.0767
3930.0	 1.0746
3931.0	 1.0726
3932.0	 1.0707
3933.0	 1.0689
3934.0	 1.0672
3935.0	 1.0656
3936.0	 1.0640
3937.0	 1.0625
3938.0	 1.0611
3939.0	 1.0597
3940.0	 1.0584
3941.0	 1.0571
3942.0	 1.0559
3943.0	 1.0547
3944.0	 1.0535
3945.0	 1.0524
3946.0	 1.0514
3947.0	 1.0504
3948.0	 1.0494
3949.0	 1.0484
3950.0	 1.0475
3951.0	 1.0466
3952.0	 1.0457
3953.0	 1.0448
3954.0	 1.0440
3955.0	 1.0432
3956.0	 1.0424
3957.0	 1.0417
3958.0	 1.0409
3959.0	 1.0402
3960.0	 1.0395
3961.0	 1.0388
3962.0	 1.0381
3963.0	 1.0375
3964.0	 1.0368
3965.0	 1.0362
3966.0	 1.0356
3967.0	 1.0350
3968.0	 1.0344
3969.0	 1.0338
3970.0	 1.0332
3971.0	 1.0327
3972.0	 1.0321
3973.0	 1.0316
3974.0	 1.0310
3975.0	 1.0305
3976.0	 1.0300
3977.0	 1.0295
3978.0	 1.0290
3979.0	 1.0285
3980.0	 1.0280
3981.0	 1.0275
3982.0	 1.0271
3983.0	 1.0266
3984.0	 1.0261
3985.0	 1.0257
3986.0	 1.0252
3987.0	 1.0247
3988.0	 1.0243
3989.0	 1.0238
3990.0	 1.0234
3991.0	 1.0230
3992.0	 1.0225
3993.0	 1.0221
3994.0	 1.0216
3995.0	 1.0212
3996.0	 1.0208
3997.0	 1.0203
3998.0	 1.0199
3999.0	 1.0194
4000.0	 1.0190
4001.0	 1.0186
4002.0	 1.0181
4003.0	 1.0177
4004.0	 1.0172
4005.0	 1.0168
4006.0	 1.0163
4007.0	 1.0159
4008.0	 1.0154
4009.0	 1.0149
4010.0	 1.0145
4011.0	 1.0140
4012.0	 1.0135
4013.0	 1.0130
4014.0	 1.0125
4015.0	 1.0119
4016.0	 1.0114
4017.0	 1.0109
4018.0	 1.0103
4019.0	 1.0097
4020.0	 1.0092
4021.0	 1.0085
4022.0	 1.0079
4023.0	 1.0073
4024.0	 1.0066
4025.0	 1.0059
4026.0	 1.0052
4027.0	 1.0044
4028.0	 1.0036
4029.0	 1.0028
4030.0	 1.0019
4031.0	 1.0009
4032.0	 0.9999
4033.0	 0.9989
4034.0	 0.9978
4035.0	 0.9965
4036.0	 0.9952
4037.0	 0.9938
4038.0	 0.9923
4039.0	 0.9906
4040.0	 0.9887
4041.0	 0.9867
4042.0	 0.9844
4043.0	 0.9818
4044.0	 0.9788
4045.0	 0.9754
4046.0	 0.9715
4047.0	 0.9668
4048.0	 0.9612
4049.0	 0.9543
4050.0	 0.9456
4051.0	 0.9343
4052.0	 0.9192
4053.0	 0.8979
4054.0	 0.8658
4055.0	 0.8147
4056.0	 0.7403
4057.0	 0.8554
4058.0	 1.2855
4059.0	 1.2501
4060.0	 1.1878
4061.0	 1.1482
4062.0	 1.1225
4063.0	 1.1047
4064.0	 1.0918
4065.0	 1.0820
4066.0	 1.0743
4067.0	 1.0681
4068.0	 1.0630
4069.0	 1.0587
4070.0	 1.0550
4071.0	 1.0518
4072.0	 1.0491
4073.0	 1.0466
4074.0	 1.0444
4075.0	 1.0424
4076.0	 1.0406
4077.0	 1.0390
4078.0	 1.0375
4079.0	 1.0361
4080.0	 1.0348
4081.0	 1.0336
4082.0	 1.0325
4083.0	 1.0314
4084.0	 1.0304
4085.0	 1.0294
4086.0	 1.0285
4087.0	 1.0276
4088.0	 1.0268
4089.0	 1.0260
4090.0	 1.0252
4091.0	 1.0244
4092.0	 1.0237
4093.0	 1.0229
4094.0	 1.0222
4095.0	 1.0215
4096.0	 1.0208
4097.0	 1.0201
4098.0	 1.0194
4099.0	 1.0187
4100.0	 1.0180
4101.0	 1.0173
4102.0	 1.0165
4103.0	 1.0158
4104.0	 1.0151
4105.0	 1.0143
4106.0	 1.0135
4107.0	 1.0127
4108.0	 1.0119
4109.0	 1.0110
4110.0	 1.0101
4111.0	 1.0092
4112.0	 1.0082
4113.0	 1.0072
4114.0	 1.0060
4115.0	 1.0048
4116.0	 1.0036
4117.0	 1.0022
4118.0	 1.0007
4119.0	 0.9990
4120.0	 0.9972
4121.0	 0.9952
4122.0	 0.9930
4123.0	 0.9905
4124.0	 0.9876
4125.0	 0.9843
4126.0	 0.9804
4127.0	 0.9758
4128.0	 0.9703
4129.0	 0.9635
4130.0	 0.9550
4131.0	 0.9440
4132.0	 0.9292
4133.0	 0.9084
4134.0	 0.8768
4135.0	 0.8246
4136.0	 0.7300
4137.0	 0.6591
4138.0	 1.4199
4139.0	 1.3462
4140.0	 1.2421
4141.0	 1.1862
4142.0	 1.1530
4143.0	 1.1313
4144.0	 1.1161
4145.0	 1.1049
4146.0	 1.0964
4147.0	 1.0897
4148.0	 1.0843
4149.0	 1.0799
4150.0	 1.0763
4151.0	 1.0732
4152.0	 1.0707
4153.0	 1.0685
4154.0	 1.0667
4155.0	 1.0652
4156.0	 1.0639
4157.0	 1.0628
4158.0	 1.0618
4159.0	 1.0611
4160.0	 1.0605
4161.0	 1.0600
4162.0	 1.0597
4163.0	 1.0595
4164.0	 1.0594
4165.0	 1.0595
4166.0	 1.0597
4167.0	 1.0599
4168.0	 1.0603
4169.0	 1.0608
4170.0	 1.0615
4171.0	 1.0623
4172.0	 1.0632
4173.0	 1.0643
4174.0	 1.0655
4175.0	 1.0669
4176.0	 1.0685
4177.0	 1.0703
4178.0	 1.0724
4179.0	 1.0748
4180.0	 1.0774
4181.0	 1.0804
4182.0	 1.0838
4183.0	 1.0877
4184.0	 1.0922
4185.0	 1.0973
4186.0	 1.1032
4187.0	 1.1102
4188.0	 1.1184
4189.0	 1.1281
4190.0	 1.1398
4191.0	 1.1542
4192.0	 1.1721
4193.0	 1.1951
4194.0	 1.2256
4195.0	 1.2675
4196.0	 1.3286
4197.0	 1.4251
4198.0	 1.5969
4199.0	 1.9616
4200.0	 2.5537
4201.0	 0.2530
4202.0	 0.3175
4203.0	 0.5140
4204.0	 0.6288
4205.0	 0.7002
4206.0	 0.7482
4207.0	 0.7825
4208.0	 0.8080
4209.0	 0.8277
4210.0	 0.8433
4211.0	 0.8560
4212.0	 0.8663
4213.0	 0.8750
4214.0	 0.8823
4215.0	 0.8885
4216.0	 0.8938
4217.0	 0.8984
4218.0	 0.9024
4219.0	 0.9059
4220.0	 0.9089
4221.0	 0.9115
4222.0	 0.9138
4223.0	 0.9159
4224.0	 0.9176
4225.0	 0.9191
4226.0	 0.9205
4227.0	 0.9216
4228.0	 0.9226
4229.0	 0.9234
4230.0	 0.9240
4231.0	 0.9245
4232.0	 0.9249
4233.0	 0.9252
4234.0	 0.9254
4235.0	 0.9255
4236.0	 0.9254
4237.0	 0.9253
4238.0	 0.9250
4239.0	 0.9247
4240.0	 0.9243
4241.0	 0.9238
4242.0	 0.9232
4243.0	 0.9225
4244.0	 0.9217
4245.0	 0.9208
4246.0	 0.9198
4247.0	 0.9188
4248.0	 0.9176
4249.0	 0.9164
4250.0	 0.9150
4251.0	 0.9135
4252.0	 0.9119
4253.0	 0.9102
4254.0	 0.9084
4255.0	 0.9064
4256.0	 0.9043
4257.0	 0.9021
4258.0	 0.8997
4259.0	 0.8971
4260.0	 0.8944
4261.0	 0.8915
4262.0	 0.8883
4263.0	 0.8850
4264.0	 0.8814
4265.0	 0.8775
4266.0	 0.8734
4267.0	 0.8690
4268.0	 0.8642
4269.0	 0.8590
4270.0	 0.8535
4271.0	 0.8475
4272.0	 0.8410
4273.0	 0.8340
4274.0	 0.8263
4275.0	 0.8180
4276.0	 0.8089
4277.0	 0.7990
4278.0	 0.7882
4279.0	 0.7764
4280.0	 0.7634
4281.0	 0.7493
4282.0	 0.7339
4283.0	 0.7172
4284.0	 0.6993
4285.0	 0.6806
4286.0	 0.6618
4287.0	 0.6443
4288.0	 0.6308
4289.0	 0.6258
4290.0	 0.6368
4291.0	 0.6746
4292.0	 0.7509
4293.0	 0.8714
4294.0	 1.0247
4295.0	 1.1811
4296.0	 1.3087
4297.0	 1.3921
4298.0	 1.4345
4299.0	 1.4477
4300.0	 1.4430
4301.0	 1.4287
4302.0	 1.4101
4303.0	 1.3901
4304.0	 1.3703
4305.0	 1.3514
4306.0	 1.3339
4307.0	 1.3177
4308.0	 1.3030
4309.0	 1.2897
4310.0	 1.2775
4311.0	 1.2665
4312.0	 1.2565
4313.0	 1.2474
4314.0	 1.2391
4315.0	 1.2316
4316.0	 1.2248
4317.0	 1.2185
4318.0	 1.2129
4319.0	 1.2077
4320.0	 1.2030
4321.0	 1.1988
4322.0	 1.1949
4323.0	 1.1914
4324.0	 1.1882
4325.0	 1.1854
4326.0	 1.1829
4327.0	 1.1806
4328.0	 1.1786
4329.0	 1.1769
4330.0	 1.1755
4331.0	 1.1743
4332.0	 1.1733
4333.0	 1.1726
4334.0	 1.1721
4335.0	 1.1719
4336.0	 1.1719
4337.0	 1.1721
4338.0	 1.1726
4339.0	 1.1734
4340.0	 1.1744
4341.0	 1.1758
4342.0	 1.1774
4343.0	 1.1793
4344.0	 1.1816
4345.0	 1.1843
4346.0	 1.1873
4347.0	 1.1908
4348.0	 1.1948
4349.0	 1.1993
4350.0	 1.2044
4351.0	 1.2103
4352.0	 1.2169
4353.0	 1.2243
4354.0	 1.2328
4355.0	 1.2425
4356.0	 1.2536
4357.0	 1.2664
4358.0	 1.2812
4359.0	 1.2984
4360.0	 1.3187
4361.0	 1.3428
4362.0	 1.3718
4363.0	 1.4073
4364.0	 1.4513
4365.0	 1.5072
4366.0	 1.5800
4367.0	 1.6780
4368.0	 1.8147
4369.0	 2.0133
4370.0	 2.3058
4371.0	 2.6669
4372.0	 2.5018
4373.0	 1.0024
4374.0	 0.2449
4375.0	 0.2069
4376.0	 0.3024
4377.0	 0.3990
4378.0	 0.4782
4379.0	 0.5409
4380.0	 0.5907
4381.0	 0.6307
4382.0	 0.6634
4383.0	 0.6903
4384.0	 0.7128
4385.0	 0.7317
4386.0	 0.7478
4387.0	 0.7616
4388.0	 0.7734
4389.0	 0.7835
4390.0	 0.7923
4391.0	 0.7999
4392.0	 0.8064
4393.0	 0.8120
4394.0	 0.8167
4395.0	 0.8207
4396.0	 0.8240
4397.0	 0.8266
4398.0	 0.8286
4399.0	 0.8300
4400.0	 0.8308
4401.0	 0.8311
4402.0	 0.8307
4403.0	 0.8297
4404.0	 0.8281
4405.0	 0.8257
4406.0	 0.8226
4407.0	 0.8186
4408.0	 0.8136
4409.0	 0.8075
4410.0	 0.8000
4411.0	 0.7910
4412.0	 0.7799
4413.0	 0.7665
4414.0	 0.7501
4415.0	 0.7297
4416.0	 0.7045
4417.0	 0.6731
4418.0	 0.6346
4419.0	 0.5910
4420.0	 0.5553
4421.0	 0.5801
4422.0	 0.7804
4423.0	 1.1234
4424.0	 1.3172
4425.0	 1.3399
4426.0	 1.3047
4427.0	 1.2617
4428.0	 1.2236
4429.0	 1.1922
4430.0	 1.1667
4431.0	 1.1459
4432.0	 1.1287
4433.0	 1.1144
4434.0	 1.1023
4435.0	 1.0919
4436.0	 1.0831
4437.0	 1.0753
4438.0	 1.0685
4439.0	 1.0626
4440.0	 1.0572
4441.0	 1.0525
4442.0	 1.0482
4443.0	 1.0443
4444.0	 1.0408
4445.0	 1.0375
4446.0	 1.0346
4447.0	 1.0318
4448.0	 1.0293
4449.0	 1.0270
4450.0	 1.0248
4451.0	 1.0228
4452.0	 1.0208
4453.0	 1.0191
4454.0	 1.0173
4455.0	 1.0157
4456.0	 1.0142
4457.0	 1.0128
4458.0	 1.0114
4459.0	 1.0101
4460.0	 1.0088
4461.0	 1.0076
4462.0	 1.0064
4463.0	 1.0053
4464.0	 1.0042
4465.0	 1.0031
4466.0	 1.0021
4467.0	 1.0011
4468.0	 1.0001
4469.0	 0.9992
4470.0	 0.9983
4471.0	 0.9973
4472.0	 0.9964
4473.0	 0.9956
4474.0	 0.9947
4475.0	 0.9938
4476.0	 0.9930
4477.0	 0.9922
4478.0	 0.9913
4479.0	 0.9905
4480.0	 0.9897
4481.0	 0.9888
4482.0	 0.9880
4483.0	 0.9872
4484.0	 0.9864
4485.0	 0.9856
4486.0	 0.9847
4487.0	 0.9839
4488.0	 0.9831
4489.0	 0.9822
4490.0	 0.9813
4491.0	 0.9805
4492.0	 0.9796
4493.0	 0.9787
4494.0	 0.9778
4495.0	 0.9769
4496.0	 0.9759
4497.0	 0.9750
4498.0	 0.9740
4499.0	 0.9730
4500.0	 0.9720
4501.0	 0.9709
4502.0	 0.9698
4503.0	 0.9686
4504.0	 0.9675
4505.0	 0.9662
4506.0	 0.9650
4507.0	 0.9637
4508.0	 0.9623
4509.0	 0.9608
4510.0	 0.9593
4511.0	 0.9577
4512.0	 0.9560
4513.0	 0.9542
4514.0	 0.9523
4515.0	 0.9502
4516.0	 0.9480
4517.0	 0.9457
4518.0	 0.9431
4519.0	 0.9403
4520.0	 0.9372
4521.0	 0.9338
4522.0	 0.9301
4523.0	 0.9258
4524.0	 0.9210
4525.0	 0.9156
4526.0	 0.9092
4527.0	 0.9018
4528.0	 0.8929
4529.0	 0.8821
4530.0	 0.8686
4531.0	 0.8514
4532.0	 0.8285
4533.0	 0.7968
4534.0	 0.7508
4535.0	 0.6817
4536.0	 0.5957
4537.0	 0.7662
4538.0	 1.3727
4539.0	 1.3554
4540.0	 1.2588
4541.0	 1.1939
4542.0	 1.1512
4543.0	 1.1217
4544.0	 1.1001
4545.0	 1.0838
4546.0	 1.0709
4547.0	 1.0605
4548.0	 1.0520
4549.0	 1.0447
4550.0	 1.0385
4551.0	 1.0331
4552.0	 1.0284
4553.0	 1.0241
4554.0	 1.0204
4555.0	 1.0169
4556.0	 1.0138
4557.0	 1.0109
4558.0	 1.0083
4559.0	 1.0058
4560.0	 1.0035
4561.0	 1.0013
4562.0	 0.9993
4563.0	 0.9973
4564.0	 0.9955
4565.0	 0.9937
4566.0	 0.9920
4567.0	 0.9904
4568.0	 0.9888
4569.0	 0.9873
4570.0	 0.9858
4571.0	 0.9844
4572.0	 0.9830
4573.0	 0.9817
4574.0	 0.9803
4575.0	 0.9790
4576.0	 0.9777
4577.0	 0.9765
4578.0	 0.9752
4579.0	 0.9740
4580.0	 0.9728
4581.0	 0.9716
4582.0	 0.9704
4583.0	 0.9692
4584.0	 0.9681
4585.0	 0.9669
4586.0	 0.9658
4587.0	 0.9646
4588.0	 0.9635
4589.0	 0.9623
4590.0	 0.9612
4591.0	 0.9600
4592.0	 0.9589
4593.0	 0.9577
4594.0	 0.9566
4595.0	 0.9554
4596.0	 0.9543
4597.0	 0.9531
4598.0	 0.9520
4599.0	 0.9508
4600.0	 0.9496
4601.0	 0.9484
4602.0	 0.9472
4603.0	 0.9460
4604.0	 0.9448
4605.0	 0.9436
4606.0	 0.9424
4607.0	 0.9411
4608.0	 0.9399
4609.0	 0.9386
4610.0	 0.9373
4611.0	 0.9361
4612.0	 0.9348
4613.0	 0.9334
4614.0	 0.9321
4615.0	 0.9308
4616.0	 0.9294
4617.0	 0.9280
4618.0	 0.9266
4619.0	 0.9252
4620.0	 0.9237
4621.0	 0.9223
4622.0	 0.9208
4623.0	 0.9193
4624.0	 0.9178
4625.0	 0.9163
4626.0	 0.9147
4627.0	 0.9131
4628.0	 0.9115
4629.0	 0.9099
4630.0	 0.9082
4631.0	 0.9065
4632.0	 0.9048
4633.0	 0.9030
4634.0	 0.9013
4635.0	 0.8995
4636.0	 0.8976
4637.0	 0.8958
4638.0	 0.8939
4639.0	 0.8919
4640.0	 0.8899
4641.0	 0.8879
4642.0	 0.8859
4643.0	 0.8838
4644.0	 0.8817
4645.0	 0.8795
4646.0	 0.8773
4647.0	 0.8751
4648.0	 0.8728
4649.0	 0.8705
4650.0	 0.8681
4651.0	 0.8657
4652.0	 0.8632
4653.0	 0.8606
4654.0	 0.8581
4655.0	 0.8554
4656.0	 0.8528
4657.0	 0.8500
4658.0	 0.8472
4659.0	 0.8444
4660.0	 0.8415
4661.0	 0.8385
4662.0	 0.8354
4663.0	 0.8323
4664.0	 0.8292
4665.0	 0.8259
4666.0	 0.8226
4667.0	 0.8193
4668.0	 0.8159
4669.0	 0.8124
4670.0	 0.8088
4671.0	 0.8052
4672.0	 0.8015
4673.0	 0.7978
4674.0	 0.7940
4675.0	 0.7901
4676.0	 0.7862
4677.0	 0.7823
4678.0	 0.7784
4679.0	 0.7744
4680.0	 0.7705
4681.0	 0.7666
4682.0	 0.7628
4683.0	 0.7592
4684.0	 0.7558
4685.0	 0.7527
4686.0	 0.7502
4687.0	 0.7486
4688.0	 0.7484
4689.0	 0.7505
4690.0	 0.7570
4691.0	 0.7729
4692.0	 0.8151
4693.0	 0.9787
4694.0	 0.3632
4695.0	 0.5241
4696.0	 0.5740
4697.0	 0.5922
4698.0	 0.5994
4699.0	 0.6017
4700.0	 0.6015
4701.0	 0.5998
4702.0	 0.5974
4703.0	 0.5945
4704.0	 0.5916
4705.0	 0.5888
4706.0	 0.5863
4707.0	 0.5843
4708.0	 0.5830
4709.0	 0.5827
4710.0	 0.5835
4711.0	 0.5855
4712.0	 0.5892
4713.0	 0.5946
4714.0	 0.6020
4715.0	 0.6117
4716.0	 0.6239
4717.0	 0.6388
4718.0	 0.6566
4719.0	 0.6773
4720.0	 0.7012
4721.0	 0.7282
4722.0	 0.7581
4723.0	 0.7909
4724.0	 0.8263
4725.0	 0.8638
4726.0	 0.9030
4727.0	 0.9434
4728.0	 0.9845
4729.0	 1.0255
4730.0	 1.0659
4731.0	 1.1053
4732.0	 1.1430
4733.0	 1.1787
4734.0	 1.2121
4735.0	 1.2429
4736.0	 1.2710
4737.0	 1.2963
4738.0	 1.3189
4739.0	 1.3388
4740.0	 1.3561
4741.0	 1.3710
4742.0	 1.3836
4743.0	 1.3942
4744.0	 1.4028
4745.0	 1.4098
4746.0	 1.4152
4747.0	 1.4193
4748.0	 1.4222
4749.0	 1.4240
4750.0	 1.4249
4751.0	 1.4250
4752.0	 1.4244
4753.0	 1.4232
4754.0	 1.4216
4755.0	 1.4194
4756.0	 1.4170
4757.0	 1.4142
4758.0	 1.4111
4759.0	 1.4079
4760.0	 1.4045
4761.0	 1.4009
4762.0	 1.3973
4763.0	 1.3936
4764.0	 1.3898
4765.0	 1.3860
4766.0	 1.3821
4767.0	 1.3783
4768.0	 1.3745
4769.0	 1.3706
4770.0	 1.3668
4771.0	 1.3630
4772.0	 1.3593
4773.0	 1.3556
4774.0	 1.3520
4775.0	 1.3484
4776.0	 1.3449
4777.0	 1.3414
4778.0	 1.3380
4779.0	 1.3346
4780.0	 1.3313
4781.0	 1.3280
4782.0	 1.3248
4783.0	 1.3217
4784.0	 1.3186
4785.0	 1.3156
4786.0	 1.3127
4787.0	 1.3097
4788.0	 1.3069
4789.0	 1.3041
4790.0	 1.3014
4791.0	 1.2987
4792.0	 1.2961
4793.0	 1.2935
4794.0	 1.2910
4795.0	 1.2886
4796.0	 1.2861
4797.0	 1.2838
4798.0	 1.2815
4799.0	 1.2792
4800.0	 1.2770
4801.0	 1.2748
4802.0	 1.2726
4803.0	 1.2705
4804.0	 1.2685
4805.0	 1.2665
4806.0	 1.2645
4807.0	 1.2626
4808.0	 1.2607
4809.0	 1.2588
4810.0	 1.2570
4811.0	 1.2552
4812.0	 1.2534
4813.0	 1.2517
4814.0	 1.2500
4815.0	 1.2484
4816.0	 1.2468
4817.0	 1.2451
4818.0	 1.2436
4819.0	 1.2420
4820.0	 1.2405
4821.0	 1.2391
4822.0	 1.2376
4823.0	 1.2362
4824.0	 1.2348
4825.0	 1.2334
4826.0	 1.2320
4827.0	 1.2307
4828.0	 1.2294
4829.0	 1.2281
4830.0	 1.2269
4831.0	 1.2256
4832.0	 1.2244
4833.0	 1.2232
4834.0	 1.2221
4835.0	 1.2209
4836.0	 1.2198
4837.0	 1.2187
4838.0	 1.2176
4839.0	 1.2165
4840.0	 1.2154
4841.0	 1.2144
4842.0	 1.2134
4843.0	 1.2123
4844.0	 1.2114
4845.0	 1.2104
4846.0	 1.2094
4847.0	 1.2085
4848.0	 1.2076
4849.0	 1.2066
4850.0	 1.2057
4851.0	 1.2049
4852.0	 1.2040
4853.0	 1.2031
4854.0	 1.2023
4855.0	 1.2014
4856.0	 1.2006
4857.0	 1.1998
4858.0	 1.1990
4859.0	 1.1982
4860.0	 1.1975
4861.0	 1.1967
4862.0	 1.1960
4863.0	 1.1952
4864.0	 1.1945
4865.0	 1.1938
4866.0	 1.1931
4867.0	 1.1924
4868.0	 1.1917
4869.0	 1.1910
4870.0	 1.1903
4871.0	 1.1897
4872.0	 1.1890
4873.0	 1.1884
4874.0	 1.1877
4875.0	 1.1870
4876.0	 1.1864
4877.0	 1.1858
4878.0	 1.1851
4879.0	 1.1845
4880.0	 1.1838
4881.0	 1.1831
4882.0	 1.1824
4883.0	 1.1817
4884.0	 1.1810
4885.0	 1.1802
4886.0	 1.1793
4887.0	 1.1784
4888.0	 1.1773
4889.0	 1.1760
4890.0	 1.1745
4891.0	 1.1725
4892.0	 1.1699
4893.0	 1.1663
4894.0	 1.1608
4895.0	 1.1519
4896.0	 1.1360
4897.0	 1.1034
4898.0	 1.0234
4899.0	 0.7829
4900.0	 0.3530
4901.0	 0.7070
4902.0	 0.9715
4903.0	 1.0658
4904.0	 1.1060
4905.0	 1.1262
4906.0	 1.1378
4907.0	 1.1449
4908.0	 1.1496
4909.0	 1.1528
4910.0	 1.1550
4911.0	 1.1567
4912.0	 1.1578
4913.0	 1.1587
4914.0	 1.1594
4915.0	 1.1599
4916.0	 1.1602
4917.0	 1.1605
4918.0	 1.1606
4919.0	 1.1607
4920.0	 1.1608
4921.0	 1.1608
4922.0	 1.1608
4923.0	 1.1607
4924.0	 1.1606
4925.0	 1.1605
4926.0	 1.1604
4927.0	 1.1603
4928.0	 1.1601
4929.0	 1.1600
4930.0	 1.1598
4931.0	 1.1597
4932.0	 1.1595
4933.0	 1.1593
4934.0	 1.1591
4935.0	 1.1590
4936.0	 1.1588
4937.0	 1.1586
4938.0	 1.1584
4939.0	 1.1582
4940.0	 1.1580
4941.0	 1.1579
4942.0	 1.1577
4943.0	 1.1575
4944.0	 1.1573
4945.0	 1.1571
4946.0	 1.1569
4947.0	 1.1568
4948.0	 1.1566
4949.0	 1.1564
4950.0	 1.1562
4951.0	 1.1561
4952.0	 1.1559
4953.0	 1.1557
4954.0	 1.1555
4955.0	 1.1554
4956.0	 1.1552
4957.0	 1.1551
4958.0	 1.1549
4959.0	 1.1547
4960.0	 1.1546
4961.0	 1.1544
4962.0	 1.1543
4963.0	 1.1541
4964.0	 1.1540
4965.0	 1.1538
4966.0	 1.1537
4967.0	 1.1536
4968.0	 1.1534
4969.0	 1.1533
4970.0	 1.1532
4971.0	 1.1531
4972.0	 1.1529
4973.0	 1.1528
4974.0	 1.1527
4975.0	 1.1526
4976.0	 1.1525
4977.0	 1.1524
4978.0	 1.1523
4979.0	 1.1522
4980.0	 1.1521
4981.0	 1.1520
4982.0	 1.1519
4983.0	 1.1518
4984.0	 1.1517
4985.0	 1.1516
4986.0	 1.1516
4987.0	 1.1515
4988.0	 1.1514
4989.0	 1.1513
4990.0	 1.1513
4991.0	 1.1512
4992.0	 1.1512
4993.0	 1.1511
4994.0	 1.1511
4995.0	 1.1510
4996.0	 1.1510
4997.0	 1.1509
4998.0	 1.1509
4999.0	 1.1509
5000.0	 1.1508
5001.0	 1.1508
5002.0	 1.1508
5003.0	 1.1508
5004.0	 1.1508
5005.0	 1.1508
5006.0	 1.1508
5007.0	 1.1508
5008.0	 1.1508
5009.0	 1.1508
5010.0	 1.1509
5011.0	 1.1509
5012.0	 1.1510
5013.0	 1.1510
5014.0	 1.1511
5015.0	 1.1511
5016.0	 1.1512
5017.0	 1.1513
5018.0	 1.1514
5019.0	 1.1515
5020.0	 1.1516
5021.0	 1.1517
5022.0	 1.1518
5023.0	 1.1520
5024.0	 1.1521
5025.0	 1.1523
5026.0	 1.1525
5027.0	 1.1527
5028.0	 1.1529
5029.0	 1.1531
5030.0	 1.1534
5031.0	 1.1537
5032.0	 1.1540
5033.0	 1.1543
5034.0	 1.1547
5035.0	 1.1551
5036.0	 1.1555
5037.0	 1.1560
5038.0	 1.1565
5039.0	 1.1570
5040.0	 1.1576
5041.0	 1.1583
5042.0	 1.1591
5043.0	 1.1599
5044.0	 1.1609
5045.0	 1.1620
5046.0	 1.1632
5047.0	 1.1646
5048.0	 1.1662
5049.0	 1.1680
5050.0	 1.1702
5051.0	 1.1729
5052.0	 1.1761
5053.0	 1.1800
5054.0	 1.1851
5055.0	 1.1917
5056.0	 1.2008
5057.0	 1.2140
5058.0	 1.2349
5059.0	 1.2729
5059.5	 1.3065
5060.0	 1.3623
5060.5	 1.4705
5061.0	 1.7169
5062.0	 0.7758
5062.5	 0.8924
5063.0	 0.9607
5064.0	 1.0267
5065.0	 1.0580
5066.0	 1.0761
5067.0	 1.0878
5068.0	 1.0961
5069.0	 1.1022
5070.0	 1.1069
5071.0	 1.1107
5072.0	 1.1137
5073.0	 1.1162
5074.0	 1.1184
5075.0	 1.1202
5076.0	 1.1218
5077.0	 1.1232
5078.0	 1.1244
5079.0	 1.1255
5080.0	 1.1265
5081.0	 1.1274
5082.0	 1.1282
5083.0	 1.1290
5084.0	 1.1297
5085.0	 1.1303
5086.0	 1.1309
5087.0	 1.1314
5088.0	 1.1319
5089.0	 1.1324
5090.0	 1.1329
5091.0	 1.1333
5092.0	 1.1337
5093.0	 1.1341
5094.0	 1.1345
5095.0	 1.1348
5096.0	 1.1352
5097.0	 1.1355
5098.0	 1.1358
5099.0	 1.1361
5100.0	 1.1364
5101.0	 1.1367
5102.0	 1.1370
5103.0	 1.1373
5104.0	 1.1375
5105.0	 1.1378
5106.0	 1.1380
5107.0	 1.1383
5108.0	 1.1385
5109.0	 1.1388
5110.0	 1.1390
5111.0	 1.1393
5112.0	 1.1395
5113.0	 1.1397
5114.0	 1.1400
5115.0	 1.1402
5116.0	 1.1404
5117.0	 1.1407
5118.0	 1.1409
5119.0	 1.1411
5120.0	 1.1413
5121.0	 1.1416
5122.0	 1.1418
5123.0	 1.1420
5124.0	 1.1422
5125.0	 1.1425
5126.0	 1.1427
5127.0	 1.1429
5128.0	 1.1431
5129.0	 1.1434
5130.0	 1.1436
5131.0	 1.1438
5132.0	 1.1441
5133.0	 1.1443
5134.0	 1.1445
5135.0	 1.1448
5136.0	 1.1450
5137.0	 1.1452
5138.0	 1.1455
5139.0	 1.1457
5140.0	 1.1460
5141.0	 1.1462
5142.0	 1.1465
5143.0	 1.1467
5144.0	 1.1470
5145.0	 1.1472
5146.0	 1.1475
5147.0	 1.1478
5148.0	 1.1480
5149.0	 1.1483
5150.0	 1.1486
5151.0	 1.1489
5152.0	 1.1492
5153.0	 1.1494
5154.0	 1.1497
5155.0	 1.1500
5156.0	 1.1503
5157.0	 1.1506
5158.0	 1.1509
5159.0	 1.1512
5160.0	 1.1515
5161.0	 1.1519
5162.0	 1.1522
5163.0	 1.1525
5164.0	 1.1528
5165.0	 1.1532
5166.0	 1.1535
5167.0	 1.1539
5168.0	 1.1542
5169.0	 1.1546
5170.0	 1.1549
5171.0	 1.1553
5172.0	 1.1557
5173.0	 1.1561
5174.0	 1.1564
5175.0	 1.1568
5176.0	 1.1572
5177.0	 1.1576
5178.0	 1.1581
5179.0	 1.1585
5180.0	 1.1589
5181.0	 1.1593
5182.0	 1.1598
5183.0	 1.1602
5184.0	 1.1607
5185.0	 1.1612
5186.0	 1.1616
5187.0	 1.1621
5188.0	 1.1626
5189.0	 1.1631
5190.0	 1.1636
5191.0	 1.1641
5192.0	 1.1647
5193.0	 1.1652
5194.0	 1.1657
5195.0	 1.1663
5196.0	 1.1669
5197.0	 1.1674
5198.0	 1.1680
5199.0	 1.1686
5200.0	 1.1692
