The data were generated by SigmaCalc version 2.0. Update of 26-03-2013. File created 20-8-2020.
Si-nat(aa) at 140.8 deg.
 keV     RTR
3000.0	 0.9989
3010.0	 0.9989
3020.0	 0.9989
3030.0	 0.9989
3040.0	 0.9989
3050.0	 0.9989
3060.0	 0.9989
3070.0	 0.9988
3080.0	 0.9988
3090.0	 0.9988
3100.0	 0.9988
3110.0	 0.9988
3120.0	 0.9988
3130.0	 0.9988
3140.0	 0.9987
3150.0	 0.9987
3160.0	 0.9987
3170.0	 0.9987
3180.0	 0.9987
3190.0	 0.9986
3200.0	 0.9986
3210.0	 0.9986
3220.0	 0.9985
3230.0	 0.9985
3240.0	 0.9985
3250.0	 0.9984
3260.0	 0.9984
3270.0	 0.9984
3280.0	 0.9983
3290.0	 0.9983
3300.0	 0.9982
3310.0	 0.9982
3320.0	 0.9981
3330.0	 0.9981
3340.0	 0.9980
3350.0	 0.9980
3360.0	 0.9979
3370.0	 0.9978
3380.0	 0.9978
3390.0	 0.9977
3400.0	 0.9976
3410.0	 0.9975
3420.0	 0.9974
3430.0	 0.9973
3440.0	 0.9972
3450.0	 0.9971
3460.0	 0.9970
3470.0	 0.9969
3480.0	 0.9968
3490.0	 0.9966
3500.0	 0.9965
3501.0	 0.9965
3502.0	 0.9964
3503.0	 0.9964
3504.0	 0.9964
3505.0	 0.9964
3506.0	 0.9964
3507.0	 0.9964
3508.0	 0.9964
3509.0	 0.9963
3510.0	 0.9963
3511.0	 0.9963
3512.0	 0.9963
3513.0	 0.9963
3514.0	 0.9963
3515.0	 0.9962
3516.0	 0.9962
3517.0	 0.9962
3518.0	 0.9962
3519.0	 0.9962
3520.0	 0.9962
3521.0	 0.9961
3522.0	 0.9961
3523.0	 0.9961
3524.0	 0.9961
3525.0	 0.9961
3526.0	 0.9961
3527.0	 0.9960
3528.0	 0.9960
3529.0	 0.9960
3530.0	 0.9960
3531.0	 0.9960
3532.0	 0.9959
3533.0	 0.9959
3534.0	 0.9959
3535.0	 0.9959
3536.0	 0.9959
3537.0	 0.9958
3538.0	 0.9958
3539.0	 0.9958
3540.0	 0.9958
3541.0	 0.9958
3542.0	 0.9958
3543.0	 0.9957
3544.0	 0.9957
3545.0	 0.9957
3546.0	 0.9957
3547.0	 0.9957
3548.0	 0.9956
3549.0	 0.9956
3550.0	 0.9956
3551.0	 0.9956
3552.0	 0.9956
3553.0	 0.9955
3554.0	 0.9955
3555.0	 0.9955
3556.0	 0.9955
3557.0	 0.9954
3558.0	 0.9954
3559.0	 0.9954
3560.0	 0.9954
3561.0	 0.9954
3562.0	 0.9953
3563.0	 0.9953
3564.0	 0.9953
3565.0	 0.9953
3566.0	 0.9952
3567.0	 0.9952
3568.0	 0.9952
3569.0	 0.9952
3570.0	 0.9952
3571.0	 0.9951
3572.0	 0.9951
3573.0	 0.9951
3574.0	 0.9951
3575.0	 0.9950
3576.0	 0.9950
3577.0	 0.9950
3578.0	 0.9950
3579.0	 0.9949
3580.0	 0.9949
3581.0	 0.9949
3582.0	 0.9949
3583.0	 0.9948
3584.0	 0.9948
3585.0	 0.9948
3586.0	 0.9948
3587.0	 0.9947
3588.0	 0.9947
3589.0	 0.9947
3590.0	 0.9946
3591.0	 0.9946
3592.0	 0.9946
3593.0	 0.9946
3594.0	 0.9945
3595.0	 0.9945
3596.0	 0.9945
3597.0	 0.9944
3598.0	 0.9944
3599.0	 0.9944
3600.0	 0.9944
3601.0	 0.9943
3602.0	 0.9943
3603.0	 0.9943
3604.0	 0.9942
3605.0	 0.9942
3606.0	 0.9942
3607.0	 0.9942
3608.0	 0.9941
3609.0	 0.9941
3610.0	 0.9941
3611.0	 0.9940
3612.0	 0.9940
3613.0	 0.9940
3614.0	 0.9939
3615.0	 0.9939
3616.0	 0.9939
3617.0	 0.9938
3618.0	 0.9938
3619.0	 0.9938
3620.0	 0.9937
3621.0	 0.9937
3622.0	 0.9937
3623.0	 0.9936
3624.0	 0.9936
3625.0	 0.9936
3626.0	 0.9935
3627.0	 0.9935
3628.0	 0.9935
3629.0	 0.9934
3630.0	 0.9934
3631.0	 0.9933
3632.0	 0.9933
3633.0	 0.9933
3634.0	 0.9932
3635.0	 0.9932
3636.0	 0.9932
3637.0	 0.9931
3638.0	 0.9931
3639.0	 0.9930
3640.0	 0.9930
3641.0	 0.9930
3642.0	 0.9929
3643.0	 0.9929
3644.0	 0.9928
3645.0	 0.9928
3646.0	 0.9928
3647.0	 0.9927
3648.0	 0.9927
3649.0	 0.9926
3650.0	 0.9926
3651.0	 0.9925
3652.0	 0.9925
3653.0	 0.9925
3654.0	 0.9924
3655.0	 0.9924
3656.0	 0.9923
3657.0	 0.9923
3658.0	 0.9922
3659.0	 0.9922
3660.0	 0.9921
3661.0	 0.9921
3662.0	 0.9920
3663.0	 0.9920
3664.0	 0.9919
3665.0	 0.9919
3666.0	 0.9918
3667.0	 0.9918
3668.0	 0.9917
3669.0	 0.9917
3670.0	 0.9916
3671.0	 0.9916
3672.0	 0.9915
3673.0	 0.9915
3674.0	 0.9914
3675.0	 0.9914
3676.0	 0.9913
3677.0	 0.9913
3678.0	 0.9912
3679.0	 0.9912
3680.0	 0.9911
3681.0	 0.9911
3682.0	 0.9910
3683.0	 0.9909
3684.0	 0.9909
3685.0	 0.9908
3686.0	 0.9908
3687.0	 0.9907
3688.0	 0.9906
3689.0	 0.9906
3690.0	 0.9905
3691.0	 0.9905
3692.0	 0.9904
3693.0	 0.9903
3694.0	 0.9903
3695.0	 0.9902
3696.0	 0.9901
3697.0	 0.9901
3698.0	 0.9900
3699.0	 0.9899
3700.0	 0.9899
3701.0	 0.9898
3702.0	 0.9897
3703.0	 0.9897
3704.0	 0.9896
3705.0	 0.9895
3706.0	 0.9894
3707.0	 0.9894
3708.0	 0.9893
3709.0	 0.9892
3710.0	 0.9891
3711.0	 0.9891
3712.0	 0.9890
3713.0	 0.9889
3714.0	 0.9888
3715.0	 0.9888
3716.0	 0.9887
3717.0	 0.9886
3718.0	 0.9885
3719.0	 0.9884
3720.0	 0.9883
3721.0	 0.9883
3722.0	 0.9882
3723.0	 0.9881
3724.0	 0.9880
3725.0	 0.9879
3726.0	 0.9878
3727.0	 0.9877
3728.0	 0.9876
3729.0	 0.9875
3730.0	 0.9874
3731.0	 0.9873
3732.0	 0.9873
3733.0	 0.9872
3734.0	 0.9871
3735.0	 0.9870
3736.0	 0.9869
3737.0	 0.9868
3738.0	 0.9866
3739.0	 0.9865
3740.0	 0.9864
3741.0	 0.9863
3742.0	 0.9862
3743.0	 0.9861
3744.0	 0.9860
3745.0	 0.9859
3746.0	 0.9858
3747.0	 0.9856
3748.0	 0.9855
3749.0	 0.9854
3750.0	 0.9853
3751.0	 0.9852
3752.0	 0.9850
3753.0	 0.9849
3754.0	 0.9848
3755.0	 0.9847
3756.0	 0.9845
3757.0	 0.9844
3758.0	 0.9843
3759.0	 0.9841
3760.0	 0.9840
3761.0	 0.9838
3762.0	 0.9837
3763.0	 0.9835
3764.0	 0.9834
3765.0	 0.9832
3766.0	 0.9831
3767.0	 0.9829
3768.0	 0.9828
3769.0	 0.9826
3770.0	 0.9824
3771.0	 0.9823
3772.0	 0.9821
3773.0	 0.9819
3774.0	 0.9818
3775.0	 0.9816
3776.0	 0.9814
3777.0	 0.9812
3778.0	 0.9810
3779.0	 0.9809
3780.0	 0.9807
3781.0	 0.9805
3782.0	 0.9803
3783.0	 0.9801
3784.0	 0.9799
3785.0	 0.9797
3786.0	 0.9794
3787.0	 0.9792
3788.0	 0.9790
3789.0	 0.9788
3790.0	 0.9786
3791.0	 0.9783
3792.0	 0.9781
3793.0	 0.9778
3794.0	 0.9776
3795.0	 0.9773
3796.0	 0.9771
3797.0	 0.9768
3798.0	 0.9766
3799.0	 0.9763
3800.0	 0.9760
3801.0	 0.9757
3802.0	 0.9754
3803.0	 0.9751
3804.0	 0.9748
3805.0	 0.9745
3806.0	 0.9742
3807.0	 0.9739
3808.0	 0.9735
3809.0	 0.9732
3810.0	 0.9729
3811.0	 0.9725
3812.0	 0.9721
3813.0	 0.9718
3814.0	 0.9714
3815.0	 0.9710
3816.0	 0.9706
3817.0	 0.9702
3818.0	 0.9697
3819.0	 0.9693
3820.0	 0.9689
3821.0	 0.9684
3822.0	 0.9679
3823.0	 0.9674
3824.0	 0.9669
3825.0	 0.9664
3826.0	 0.9659
3827.0	 0.9654
3828.0	 0.9648
3829.0	 0.9642
3830.0	 0.9636
3831.0	 0.9630
3832.0	 0.9624
3833.0	 0.9617
3834.0	 0.9610
3835.0	 0.9603
3836.0	 0.9596
3837.0	 0.9589
3838.0	 0.9581
3839.0	 0.9573
3840.0	 0.9564
3841.0	 0.9556
3842.0	 0.9546
3843.0	 0.9537
3844.0	 0.9527
3845.0	 0.9517
3846.0	 0.9506
3847.0	 0.9495
3848.0	 0.9484
3849.0	 0.9471
3850.0	 0.9459
3851.0	 0.9445
3852.0	 0.9431
3853.0	 0.9417
3854.0	 0.9401
3855.0	 0.9385
3856.0	 0.9368
3857.0	 0.9350
3858.0	 0.9331
3859.0	 0.9310
3860.0	 0.9289
3861.0	 0.9266
3862.0	 0.9241
3863.0	 0.9215
3864.0	 0.9187
3865.0	 0.9157
3866.0	 0.9124
3867.0	 0.9089
3868.0	 0.9052
3869.0	 0.9011
3870.0	 0.8966
3871.0	 0.8917
3872.0	 0.8863
3873.0	 0.8804
3874.0	 0.8738
3875.0	 0.8664
3876.0	 0.8582
3877.0	 0.8488
3878.0	 0.8382
3879.0	 0.8259
3880.0	 0.8118
3881.0	 0.7951
3882.0	 0.7752
3883.0	 0.7513
3884.0	 0.7218
3885.0	 0.6849
3886.0	 0.6374
3887.0	 0.5748
3888.0	 0.4902
3889.0	 0.3743
3890.0	 0.2254
3891.0	 0.1117
3892.0	 0.3523
3893.0	 1.0169
3894.0	 1.3723
3895.0	 1.4270
3896.0	 1.3960
3897.0	 1.3517
3898.0	 1.3108
3899.0	 1.2762
3900.0	 1.2476
3901.0	 1.2237
3902.0	 1.2037
3903.0	 1.1868
3904.0	 1.1723
3905.0	 1.1598
3906.0	 1.1490
3907.0	 1.1394
3908.0	 1.1309
3909.0	 1.1234
3910.0	 1.1166
3911.0	 1.1106
3912.0	 1.1050
3913.0	 1.1000
3914.0	 1.0954
3915.0	 1.0912
3916.0	 1.0874
3917.0	 1.0838
3918.0	 1.0805
3919.0	 1.0774
3920.0	 1.0745
3921.0	 1.0718
3922.0	 1.0693
3923.0	 1.0669
3924.0	 1.0647
3925.0	 1.0626
3926.0	 1.0607
3927.0	 1.0588
3928.0	 1.0570
3929.0	 1.0553
3930.0	 1.0537
3931.0	 1.0522
3932.0	 1.0508
3933.0	 1.0494
3934.0	 1.0481
3935.0	 1.0468
3936.0	 1.0456
3937.0	 1.0444
3938.0	 1.0433
3939.0	 1.0422
3940.0	 1.0412
3941.0	 1.0402
3942.0	 1.0392
3943.0	 1.0383
3944.0	 1.0374
3945.0	 1.0366
3946.0	 1.0357
3947.0	 1.0349
3948.0	 1.0341
3949.0	 1.0334
3950.0	 1.0326
3951.0	 1.0319
3952.0	 1.0312
3953.0	 1.0305
3954.0	 1.0299
3955.0	 1.0292
3956.0	 1.0286
3957.0	 1.0280
3958.0	 1.0274
3959.0	 1.0268
3960.0	 1.0262
3961.0	 1.0257
3962.0	 1.0251
3963.0	 1.0246
3964.0	 1.0241
3965.0	 1.0236
3966.0	 1.0231
3967.0	 1.0226
3968.0	 1.0221
3969.0	 1.0216
3970.0	 1.0211
3971.0	 1.0207
3972.0	 1.0202
3973.0	 1.0197
3974.0	 1.0193
3975.0	 1.0189
3976.0	 1.0184
3977.0	 1.0180
3978.0	 1.0176
3979.0	 1.0172
3980.0	 1.0167
3981.0	 1.0163
3982.0	 1.0159
3983.0	 1.0155
3984.0	 1.0151
3985.0	 1.0147
3986.0	 1.0143
3987.0	 1.0139
3988.0	 1.0135
3989.0	 1.0132
3990.0	 1.0128
3991.0	 1.0124
3992.0	 1.0120
3993.0	 1.0116
3994.0	 1.0112
3995.0	 1.0108
3996.0	 1.0104
3997.0	 1.0100
3998.0	 1.0097
3999.0	 1.0093
4000.0	 1.0089
4001.0	 1.0085
4002.0	 1.0081
4003.0	 1.0077
4004.0	 1.0073
4005.0	 1.0069
4006.0	 1.0064
4007.0	 1.0060
4008.0	 1.0056
4009.0	 1.0052
4010.0	 1.0047
4011.0	 1.0043
4012.0	 1.0038
4013.0	 1.0034
4014.0	 1.0029
4015.0	 1.0024
4016.0	 1.0019
4017.0	 1.0014
4018.0	 1.0009
4019.0	 1.0003
4020.0	 0.9998
4021.0	 0.9992
4022.0	 0.9986
4023.0	 0.9980
4024.0	 0.9974
4025.0	 0.9967
4026.0	 0.9960
4027.0	 0.9953
4028.0	 0.9946
4029.0	 0.9938
4030.0	 0.9929
4031.0	 0.9920
4032.0	 0.9911
4033.0	 0.9901
4034.0	 0.9890
4035.0	 0.9879
4036.0	 0.9866
4037.0	 0.9853
4038.0	 0.9838
4039.0	 0.9822
4040.0	 0.9805
4041.0	 0.9785
4042.0	 0.9763
4043.0	 0.9738
4044.0	 0.9710
4045.0	 0.9678
4046.0	 0.9640
4047.0	 0.9595
4048.0	 0.9542
4049.0	 0.9475
4050.0	 0.9392
4051.0	 0.9283
4052.0	 0.9135
4053.0	 0.8925
4054.0	 0.8603
4055.0	 0.8074
4056.0	 0.7216
4057.0	 0.7818
4058.0	 1.2056
4059.0	 1.2044
4060.0	 1.1564
4061.0	 1.1232
4062.0	 1.1011
4063.0	 1.0855
4064.0	 1.0740
4065.0	 1.0653
4066.0	 1.0584
4067.0	 1.0528
4068.0	 1.0481
4069.0	 1.0442
4070.0	 1.0408
4071.0	 1.0379
4072.0	 1.0353
4073.0	 1.0330
4074.0	 1.0310
4075.0	 1.0291
4076.0	 1.0274
4077.0	 1.0259
4078.0	 1.0245
4079.0	 1.0232
4080.0	 1.0219
4081.0	 1.0208
4082.0	 1.0197
4083.0	 1.0186
4084.0	 1.0176
4085.0	 1.0167
4086.0	 1.0158
4087.0	 1.0149
4088.0	 1.0141
4089.0	 1.0133
4090.0	 1.0125
4091.0	 1.0117
4092.0	 1.0109
4093.0	 1.0102
4094.0	 1.0094
4095.0	 1.0087
4096.0	 1.0080
4097.0	 1.0072
4098.0	 1.0065
4099.0	 1.0058
4100.0	 1.0051
4101.0	 1.0043
4102.0	 1.0036
4103.0	 1.0028
4104.0	 1.0020
4105.0	 1.0013
4106.0	 1.0004
4107.0	 0.9996
4108.0	 0.9987
4109.0	 0.9978
4110.0	 0.9969
4111.0	 0.9959
4112.0	 0.9949
4113.0	 0.9938
4114.0	 0.9927
4115.0	 0.9915
4116.0	 0.9902
4117.0	 0.9887
4118.0	 0.9872
4119.0	 0.9856
4120.0	 0.9838
4121.0	 0.9818
4122.0	 0.9795
4123.0	 0.9770
4124.0	 0.9742
4125.0	 0.9709
4126.0	 0.9672
4127.0	 0.9627
4128.0	 0.9574
4129.0	 0.9508
4130.0	 0.9426
4131.0	 0.9320
4132.0	 0.9177
4133.0	 0.8974
4134.0	 0.8665
4135.0	 0.8144
4136.0	 0.7157
4137.0	 0.5994
4138.0	 1.2955
4139.0	 1.2828
4140.0	 1.1986
4141.0	 1.1506
4142.0	 1.1214
4143.0	 1.1019
4144.0	 1.0882
4145.0	 1.0779
4146.0	 1.0700
4147.0	 1.0637
4148.0	 1.0585
4149.0	 1.0543
4150.0	 1.0507
4151.0	 1.0476
4152.0	 1.0449
4153.0	 1.0426
4154.0	 1.0406
4155.0	 1.0388
4156.0	 1.0373
4157.0	 1.0359
4158.0	 1.0346
4159.0	 1.0335
4160.0	 1.0325
4161.0	 1.0316
4162.0	 1.0308
4163.0	 1.0301
4164.0	 1.0294
4165.0	 1.0289
4166.0	 1.0284
4167.0	 1.0280
4168.0	 1.0277
4169.0	 1.0274
4170.0	 1.0272
4171.0	 1.0271
4172.0	 1.0270
4173.0	 1.0270
4174.0	 1.0271
4175.0	 1.0273
4176.0	 1.0275
4177.0	 1.0279
4178.0	 1.0284
4179.0	 1.0290
4180.0	 1.0297
4181.0	 1.0305
4182.0	 1.0316
4183.0	 1.0328
4184.0	 1.0343
4185.0	 1.0360
4186.0	 1.0381
4187.0	 1.0406
4188.0	 1.0436
4189.0	 1.0472
4190.0	 1.0516
4191.0	 1.0571
4192.0	 1.0640
4193.0	 1.0729
4194.0	 1.0847
4195.0	 1.1010
4196.0	 1.1246
4197.0	 1.1614
4198.0	 1.2251
4199.0	 1.3512
4200.0	 1.4579
4201.0	 0.5352
4202.0	 0.6668
4203.0	 0.7701
4204.0	 0.8248
4205.0	 0.8574
4206.0	 0.8788
4207.0	 0.8937
4208.0	 0.9047
4209.0	 0.9130
4210.0	 0.9194
4211.0	 0.9245
4212.0	 0.9286
4213.0	 0.9319
4214.0	 0.9347
4215.0	 0.9369
4216.0	 0.9388
4217.0	 0.9403
4218.0	 0.9416
4219.0	 0.9426
4220.0	 0.9434
4221.0	 0.9440
4222.0	 0.9445
4223.0	 0.9449
4224.0	 0.9451
4225.0	 0.9453
4226.0	 0.9453
4227.0	 0.9452
4228.0	 0.9451
4229.0	 0.9448
4230.0	 0.9445
4231.0	 0.9441
4232.0	 0.9437
4233.0	 0.9431
4234.0	 0.9425
4235.0	 0.9419
4236.0	 0.9412
4237.0	 0.9404
4238.0	 0.9395
4239.0	 0.9386
4240.0	 0.9376
4241.0	 0.9366
4242.0	 0.9355
4243.0	 0.9343
4244.0	 0.9331
4245.0	 0.9317
4246.0	 0.9303
4247.0	 0.9289
4248.0	 0.9273
4249.0	 0.9257
4250.0	 0.9240
4251.0	 0.9221
4252.0	 0.9202
4253.0	 0.9182
4254.0	 0.9160
4255.0	 0.9138
4256.0	 0.9114
4257.0	 0.9089
4258.0	 0.9062
4259.0	 0.9034
4260.0	 0.9003
4261.0	 0.8972
4262.0	 0.8938
4263.0	 0.8902
4264.0	 0.8863
4265.0	 0.8823
4266.0	 0.8779
4267.0	 0.8732
4268.0	 0.8682
4269.0	 0.8628
4270.0	 0.8570
4271.0	 0.8508
4272.0	 0.8440
4273.0	 0.8367
4274.0	 0.8287
4275.0	 0.8200
4276.0	 0.8106
4277.0	 0.8002
4278.0	 0.7888
4279.0	 0.7763
4280.0	 0.7626
4281.0	 0.7474
4282.0	 0.7307
4283.0	 0.7123
4284.0	 0.6923
4285.0	 0.6708
4286.0	 0.6481
4287.0	 0.6253
4288.0	 0.6046
4289.0	 0.5898
4290.0	 0.5878
4291.0	 0.6088
4292.0	 0.6651
4293.0	 0.7649
4294.0	 0.9013
4295.0	 1.0488
4296.0	 1.1766
4297.0	 1.2670
4298.0	 1.3198
4299.0	 1.3440
4300.0	 1.3495
4301.0	 1.3443
4302.0	 1.3332
4303.0	 1.3196
4304.0	 1.3050
4305.0	 1.2904
4306.0	 1.2764
4307.0	 1.2633
4308.0	 1.2510
4309.0	 1.2397
4310.0	 1.2292
4311.0	 1.2196
4312.0	 1.2107
4313.0	 1.2026
4314.0	 1.1950
4315.0	 1.1881
4316.0	 1.1817
4317.0	 1.1758
4318.0	 1.1703
4319.0	 1.1652
4320.0	 1.1605
4321.0	 1.1562
4322.0	 1.1521
4323.0	 1.1483
4324.0	 1.1448
4325.0	 1.1416
4326.0	 1.1385
4327.0	 1.1357
4328.0	 1.1331
4329.0	 1.1307
4330.0	 1.1285
4331.0	 1.1264
4332.0	 1.1245
4333.0	 1.1227
4334.0	 1.1211
4335.0	 1.1197
4336.0	 1.1184
4337.0	 1.1173
4338.0	 1.1163
4339.0	 1.1154
4340.0	 1.1147
4341.0	 1.1141
4342.0	 1.1137
4343.0	 1.1135
4344.0	 1.1134
4345.0	 1.1135
4346.0	 1.1138
4347.0	 1.1143
4348.0	 1.1150
4349.0	 1.1159
4350.0	 1.1171
4351.0	 1.1186
4352.0	 1.1204
4353.0	 1.1226
4354.0	 1.1251
4355.0	 1.1282
4356.0	 1.1318
4357.0	 1.1362
4358.0	 1.1412
4359.0	 1.1473
4360.0	 1.1545
4361.0	 1.1632
4362.0	 1.1738
4363.0	 1.1868
4364.0	 1.2030
4365.0	 1.2235
4366.0	 1.2500
4367.0	 1.2853
4368.0	 1.3335
4369.0	 1.4008
4370.0	 1.4918
4371.0	 1.5743
4372.0	 1.3889
4373.0	 0.7712
4374.0	 0.5657
4375.0	 0.6111
4376.0	 0.6788
4377.0	 0.7329
4378.0	 0.7734
4379.0	 0.8038
4380.0	 0.8270
4381.0	 0.8451
4382.0	 0.8595
4383.0	 0.8710
4384.0	 0.8804
4385.0	 0.8881
4386.0	 0.8944
4387.0	 0.8996
4388.0	 0.9038
4389.0	 0.9073
4390.0	 0.9100
4391.0	 0.9122
4392.0	 0.9139
4393.0	 0.9150
4394.0	 0.9158
4395.0	 0.9161
4396.0	 0.9160
4397.0	 0.9156
4398.0	 0.9147
4399.0	 0.9135
4400.0	 0.9119
4401.0	 0.9098
4402.0	 0.9073
4403.0	 0.9044
4404.0	 0.9009
4405.0	 0.8968
4406.0	 0.8920
4407.0	 0.8865
4408.0	 0.8800
4409.0	 0.8725
4410.0	 0.8637
4411.0	 0.8532
4412.0	 0.8409
4413.0	 0.8260
4414.0	 0.8079
4415.0	 0.7856
4416.0	 0.7579
4417.0	 0.7228
4418.0	 0.6787
4419.0	 0.6252
4420.0	 0.5714
4421.0	 0.5631
4422.0	 0.7185
4423.0	 1.0436
4424.0	 1.2605
4425.0	 1.3119
4426.0	 1.2968
4427.0	 1.2666
4428.0	 1.2367
4429.0	 1.2108
4430.0	 1.1890
4431.0	 1.1707
4432.0	 1.1554
4433.0	 1.1425
4434.0	 1.1314
4435.0	 1.1218
4436.0	 1.1134
4437.0	 1.1061
4438.0	 1.0996
4439.0	 1.0938
4440.0	 1.0887
4441.0	 1.0840
4442.0	 1.0797
4443.0	 1.0759
4444.0	 1.0723
4445.0	 1.0690
4446.0	 1.0660
4447.0	 1.0632
4448.0	 1.0606
4449.0	 1.0581
4450.0	 1.0558
4451.0	 1.0537
4452.0	 1.0517
4453.0	 1.0497
4454.0	 1.0479
4455.0	 1.0462
4456.0	 1.0445
4457.0	 1.0429
4458.0	 1.0414
4459.0	 1.0400
4460.0	 1.0386
4461.0	 1.0373
4462.0	 1.0360
4463.0	 1.0347
4464.0	 1.0335
4465.0	 1.0323
4466.0	 1.0312
4467.0	 1.0300
4468.0	 1.0290
4469.0	 1.0279
4470.0	 1.0269
4471.0	 1.0258
4472.0	 1.0248
4473.0	 1.0239
4474.0	 1.0229
4475.0	 1.0219
4476.0	 1.0210
4477.0	 1.0200
4478.0	 1.0191
4479.0	 1.0182
4480.0	 1.0173
4481.0	 1.0164
4482.0	 1.0155
4483.0	 1.0146
4484.0	 1.0137
4485.0	 1.0128
4486.0	 1.0119
4487.0	 1.0110
4488.0	 1.0101
4489.0	 1.0092
4490.0	 1.0083
4491.0	 1.0073
4492.0	 1.0064
4493.0	 1.0055
4494.0	 1.0045
4495.0	 1.0035
4496.0	 1.0025
4497.0	 1.0015
4498.0	 1.0005
4499.0	 0.9995
4500.0	 0.9984
4501.0	 0.9973
4502.0	 0.9962
4503.0	 0.9950
4504.0	 0.9938
4505.0	 0.9926
4506.0	 0.9913
4507.0	 0.9900
4508.0	 0.9886
4509.0	 0.9871
4510.0	 0.9856
4511.0	 0.9840
4512.0	 0.9823
4513.0	 0.9806
4514.0	 0.9787
4515.0	 0.9767
4516.0	 0.9745
4517.0	 0.9722
4518.0	 0.9697
4519.0	 0.9669
4520.0	 0.9639
4521.0	 0.9606
4522.0	 0.9569
4523.0	 0.9528
4524.0	 0.9482
4525.0	 0.9428
4526.0	 0.9367
4527.0	 0.9294
4528.0	 0.9207
4529.0	 0.9101
4530.0	 0.8968
4531.0	 0.8798
4532.0	 0.8569
4533.0	 0.8249
4534.0	 0.7774
4535.0	 0.7030
4536.0	 0.5968
4537.0	 0.6945
4538.0	 1.2891
4539.0	 1.3243
4540.0	 1.2511
4541.0	 1.1967
4542.0	 1.1597
4543.0	 1.1335
4544.0	 1.1143
4545.0	 1.0995
4546.0	 1.0878
4547.0	 1.0783
4548.0	 1.0704
4549.0	 1.0637
4550.0	 1.0580
4551.0	 1.0530
4552.0	 1.0486
4553.0	 1.0447
4554.0	 1.0412
4555.0	 1.0380
4556.0	 1.0350
4557.0	 1.0323
4558.0	 1.0299
4559.0	 1.0275
4560.0	 1.0254
4561.0	 1.0233
4562.0	 1.0214
4563.0	 1.0196
4564.0	 1.0179
4565.0	 1.0162
4566.0	 1.0146
4567.0	 1.0131
4568.0	 1.0116
4569.0	 1.0102
4570.0	 1.0088
4571.0	 1.0075
4572.0	 1.0061
4573.0	 1.0049
4574.0	 1.0036
4575.0	 1.0024
4576.0	 1.0012
4577.0	 1.0000
4578.0	 0.9989
4579.0	 0.9977
4580.0	 0.9966
4581.0	 0.9955
4582.0	 0.9944
4583.0	 0.9933
4584.0	 0.9922
4585.0	 0.9911
4586.0	 0.9900
4587.0	 0.9890
4588.0	 0.9879
4589.0	 0.9868
4590.0	 0.9858
4591.0	 0.9847
4592.0	 0.9837
4593.0	 0.9826
4594.0	 0.9815
4595.0	 0.9805
4596.0	 0.9794
4597.0	 0.9783
4598.0	 0.9773
4599.0	 0.9762
4600.0	 0.9751
4601.0	 0.9740
4602.0	 0.9729
4603.0	 0.9718
4604.0	 0.9707
4605.0	 0.9696
4606.0	 0.9685
4607.0	 0.9674
4608.0	 0.9662
4609.0	 0.9651
4610.0	 0.9639
4611.0	 0.9627
4612.0	 0.9616
4613.0	 0.9604
4614.0	 0.9591
4615.0	 0.9579
4616.0	 0.9567
4617.0	 0.9554
4618.0	 0.9542
4619.0	 0.9529
4620.0	 0.9516
4621.0	 0.9503
4622.0	 0.9490
4623.0	 0.9476
4624.0	 0.9462
4625.0	 0.9449
4626.0	 0.9435
4627.0	 0.9420
4628.0	 0.9406
4629.0	 0.9391
4630.0	 0.9376
4631.0	 0.9361
4632.0	 0.9346
4633.0	 0.9330
4634.0	 0.9315
4635.0	 0.9299
4636.0	 0.9282
4637.0	 0.9266
4638.0	 0.9249
4639.0	 0.9232
4640.0	 0.9214
4641.0	 0.9197
4642.0	 0.9179
4643.0	 0.9160
4644.0	 0.9142
4645.0	 0.9123
4646.0	 0.9103
4647.0	 0.9084
4648.0	 0.9064
4649.0	 0.9043
4650.0	 0.9023
4651.0	 0.9002
4652.0	 0.8980
4653.0	 0.8959
4654.0	 0.8937
4655.0	 0.8914
4656.0	 0.8891
4657.0	 0.8868
4658.0	 0.8844
4659.0	 0.8820
4660.0	 0.8796
4661.0	 0.8771
4662.0	 0.8746
4663.0	 0.8721
4664.0	 0.8695
4665.0	 0.8669
4666.0	 0.8643
4667.0	 0.8617
4668.0	 0.8590
4669.0	 0.8563
4670.0	 0.8537
4671.0	 0.8510
4672.0	 0.8484
4673.0	 0.8458
4674.0	 0.8433
4675.0	 0.8408
4676.0	 0.8385
4677.0	 0.8363
4678.0	 0.8343
4679.0	 0.8326
4680.0	 0.8313
4681.0	 0.8305
4682.0	 0.8303
4683.0	 0.8309
4684.0	 0.8328
4685.0	 0.8363
4686.0	 0.8422
4687.0	 0.8517
4688.0	 0.8669
4689.0	 0.8918
4690.0	 0.9348
4691.0	 1.0184
4692.0	 1.2236
4693.0	 2.1397
4694.0	 0.4916
4695.0	 0.2821
4696.0	 0.4070
4697.0	 0.4686
4698.0	 0.5021
4699.0	 0.5215
4700.0	 0.5330
4701.0	 0.5396
4702.0	 0.5430
4703.0	 0.5444
4704.0	 0.5444
4705.0	 0.5435
4706.0	 0.5421
4707.0	 0.5405
4708.0	 0.5390
4709.0	 0.5379
4710.0	 0.5373
4711.0	 0.5376
4712.0	 0.5389
4713.0	 0.5416
4714.0	 0.5460
4715.0	 0.5521
4716.0	 0.5605
4717.0	 0.5712
4718.0	 0.5845
4719.0	 0.6006
4720.0	 0.6197
4721.0	 0.6417
4722.0	 0.6668
4723.0	 0.6947
4724.0	 0.7254
4725.0	 0.7585
4726.0	 0.7937
4727.0	 0.8305
4728.0	 0.8684
4729.0	 0.9068
4730.0	 0.9453
4731.0	 0.9832
4732.0	 1.0201
4733.0	 1.0556
4734.0	 1.0893
4735.0	 1.1208
4736.0	 1.1502
4737.0	 1.1771
4738.0	 1.2016
4739.0	 1.2237
4740.0	 1.2435
4741.0	 1.2610
4742.0	 1.2763
4743.0	 1.2897
4744.0	 1.3012
4745.0	 1.3111
4746.0	 1.3194
4747.0	 1.3264
4748.0	 1.3321
4749.0	 1.3367
4750.0	 1.3403
4751.0	 1.3431
4752.0	 1.3451
4753.0	 1.3464
4754.0	 1.3471
4755.0	 1.3473
4756.0	 1.3471
4757.0	 1.3465
4758.0	 1.3455
4759.0	 1.3443
4760.0	 1.3429
4761.0	 1.3412
4762.0	 1.3393
4763.0	 1.3373
4764.0	 1.3352
4765.0	 1.3330
4766.0	 1.3307
4767.0	 1.3283
4768.0	 1.3259
4769.0	 1.3235
4770.0	 1.3210
4771.0	 1.3185
4772.0	 1.3160
4773.0	 1.3134
4774.0	 1.3110
4775.0	 1.3085
4776.0	 1.3060
4777.0	 1.3035
4778.0	 1.3011
4779.0	 1.2987
4780.0	 1.2963
4781.0	 1.2939
4782.0	 1.2916
4783.0	 1.2893
4784.0	 1.2870
4785.0	 1.2848
4786.0	 1.2826
4787.0	 1.2804
4788.0	 1.2783
4789.0	 1.2762
4790.0	 1.2742
4791.0	 1.2722
4792.0	 1.2702
4793.0	 1.2682
4794.0	 1.2663
4795.0	 1.2644
4796.0	 1.2626
4797.0	 1.2608
4798.0	 1.2590
4799.0	 1.2573
4800.0	 1.2556
4801.0	 1.2539
4802.0	 1.2522
4803.0	 1.2506
4804.0	 1.2490
4805.0	 1.2475
4806.0	 1.2460
4807.0	 1.2445
4808.0	 1.2430
4809.0	 1.2416
4810.0	 1.2402
4811.0	 1.2388
4812.0	 1.2374
4813.0	 1.2361
4814.0	 1.2348
4815.0	 1.2335
4816.0	 1.2322
4817.0	 1.2310
4818.0	 1.2298
4819.0	 1.2286
4820.0	 1.2274
4821.0	 1.2263
4822.0	 1.2252
4823.0	 1.2241
4824.0	 1.2230
4825.0	 1.2220
4826.0	 1.2209
4827.0	 1.2199
4828.0	 1.2189
4829.0	 1.2180
4830.0	 1.2170
4831.0	 1.2161
4832.0	 1.2152
4833.0	 1.2143
4834.0	 1.2134
4835.0	 1.2125
4836.0	 1.2117
4837.0	 1.2109
4838.0	 1.2101
4839.0	 1.2093
4840.0	 1.2085
4841.0	 1.2077
4842.0	 1.2070
4843.0	 1.2063
4844.0	 1.2056
4845.0	 1.2049
4846.0	 1.2042
4847.0	 1.2035
4848.0	 1.2029
4849.0	 1.2023
4850.0	 1.2017
4851.0	 1.2011
4852.0	 1.2005
4853.0	 1.1999
4854.0	 1.1994
4855.0	 1.1989
4856.0	 1.1984
4857.0	 1.1979
4858.0	 1.1974
4859.0	 1.1969
4860.0	 1.1965
4861.0	 1.1961
4862.0	 1.1957
4863.0	 1.1953
4864.0	 1.1949
4865.0	 1.1946
4866.0	 1.1942
4867.0	 1.1939
4868.0	 1.1937
4869.0	 1.1934
4870.0	 1.1932
4871.0	 1.1930
4872.0	 1.1928
4873.0	 1.1926
4874.0	 1.1925
4875.0	 1.1925
4876.0	 1.1924
4877.0	 1.1924
4878.0	 1.1924
4879.0	 1.1925
4880.0	 1.1926
4881.0	 1.1928
4882.0	 1.1930
4883.0	 1.1934
4884.0	 1.1937
4885.0	 1.1942
4886.0	 1.1947
4887.0	 1.1953
4888.0	 1.1960
4889.0	 1.1968
4890.0	 1.1976
4891.0	 1.1984
4892.0	 1.1992
4893.0	 1.1996
4894.0	 1.1992
4895.0	 1.1967
4896.0	 1.1888
4897.0	 1.1655
4898.0	 1.0908
4899.0	 0.8090
4900.0	 0.1262
4901.0	 0.4329
4902.0	 0.7959
4903.0	 0.9453
4904.0	 1.0156
4905.0	 1.0543
4906.0	 1.0781
4907.0	 1.0939
4908.0	 1.1050
4909.0	 1.1133
4910.0	 1.1195
4911.0	 1.1244
4912.0	 1.1283
4913.0	 1.1314
4914.0	 1.1341
4915.0	 1.1362
4916.0	 1.1381
4917.0	 1.1397
4918.0	 1.1410
4919.0	 1.1422
4920.0	 1.1432
4921.0	 1.1441
4922.0	 1.1448
4923.0	 1.1455
4924.0	 1.1461
4925.0	 1.1467
4926.0	 1.1471
4927.0	 1.1476
4928.0	 1.1480
4929.0	 1.1483
4930.0	 1.1486
4931.0	 1.1489
4932.0	 1.1491
4933.0	 1.1494
4934.0	 1.1496
4935.0	 1.1497
4936.0	 1.1499
4937.0	 1.1501
4938.0	 1.1502
4939.0	 1.1503
4940.0	 1.1504
4941.0	 1.1505
4942.0	 1.1506
4943.0	 1.1507
4944.0	 1.1508
4945.0	 1.1509
4946.0	 1.1509
4947.0	 1.1510
4948.0	 1.1511
4949.0	 1.1511
4950.0	 1.1512
4951.0	 1.1512
4952.0	 1.1513
4953.0	 1.1513
4954.0	 1.1514
4955.0	 1.1514
4956.0	 1.1515
4957.0	 1.1515
4958.0	 1.1515
4959.0	 1.1516
4960.0	 1.1516
4961.0	 1.1517
4962.0	 1.1517
4963.0	 1.1518
4964.0	 1.1518
4965.0	 1.1518
4966.0	 1.1519
4967.0	 1.1519
4968.0	 1.1520
4969.0	 1.1521
4970.0	 1.1521
4971.0	 1.1522
4972.0	 1.1522
4973.0	 1.1523
4974.0	 1.1524
4975.0	 1.1524
4976.0	 1.1525
4977.0	 1.1526
4978.0	 1.1527
4979.0	 1.1528
4980.0	 1.1528
4981.0	 1.1529
4982.0	 1.1530
4983.0	 1.1531
4984.0	 1.1532
4985.0	 1.1534
4986.0	 1.1535
4987.0	 1.1536
4988.0	 1.1537
4989.0	 1.1539
4990.0	 1.1540
4991.0	 1.1542
4992.0	 1.1543
4993.0	 1.1545
4994.0	 1.1547
4995.0	 1.1548
4996.0	 1.1550
4997.0	 1.1552
4998.0	 1.1554
4999.0	 1.1556
5000.0	 1.1559
5001.0	 1.1561
5002.0	 1.1563
5003.0	 1.1566
5004.0	 1.1569
5005.0	 1.1571
5006.0	 1.1574
5007.0	 1.1577
5008.0	 1.1580
5009.0	 1.1584
5010.0	 1.1587
5011.0	 1.1591
5012.0	 1.1595
5013.0	 1.1599
5014.0	 1.1603
5015.0	 1.1608
5016.0	 1.1612
5017.0	 1.1617
5018.0	 1.1622
5019.0	 1.1628
5020.0	 1.1633
5021.0	 1.1639
5022.0	 1.1646
5023.0	 1.1653
5024.0	 1.1660
5025.0	 1.1667
5026.0	 1.1675
5027.0	 1.1684
5028.0	 1.1693
5029.0	 1.1702
5030.0	 1.1713
5031.0	 1.1724
5032.0	 1.1735
5033.0	 1.1748
5034.0	 1.1762
5035.0	 1.1776
5036.0	 1.1792
5037.0	 1.1809
5038.0	 1.1828
5039.0	 1.1848
5040.0	 1.1871
5041.0	 1.1895
5042.0	 1.1922
5043.0	 1.1953
5044.0	 1.1986
5045.0	 1.2024
5046.0	 1.2067
5047.0	 1.2116
5048.0	 1.2172
5049.0	 1.2238
5050.0	 1.2316
5051.0	 1.2408
5052.0	 1.2521
5053.0	 1.2662
5054.0	 1.2841
5055.0	 1.3078
5056.0	 1.3407
5057.0	 1.3891
5058.0	 1.4674
5059.0	 1.6146
5059.5	 1.7495
5060.0	 1.9845
5060.5	 2.4803
5061.0	 3.8891
5062.0	 0.4699
5062.5	 0.4832
5063.0	 0.6148
5064.0	 0.7808
5065.0	 0.8695
5066.0	 0.9234
5067.0	 0.9594
5068.0	 0.9851
5069.0	 1.0044
5070.0	 1.0194
5071.0	 1.0313
5072.0	 1.0411
5073.0	 1.0493
5074.0	 1.0561
5075.0	 1.0620
5076.0	 1.0672
5077.0	 1.0716
5078.0	 1.0756
5079.0	 1.0791
5080.0	 1.0823
5081.0	 1.0851
5082.0	 1.0877
5083.0	 1.0900
5084.0	 1.0922
5085.0	 1.0941
5086.0	 1.0960
5087.0	 1.0976
5088.0	 1.0992
5089.0	 1.1006
5090.0	 1.1020
5091.0	 1.1033
5092.0	 1.1045
5093.0	 1.1056
5094.0	 1.1067
5095.0	 1.1077
5096.0	 1.1086
5097.0	 1.1095
5098.0	 1.1104
5099.0	 1.1112
5100.0	 1.1120
5101.0	 1.1127
5102.0	 1.1134
5103.0	 1.1141
5104.0	 1.1148
5105.0	 1.1154
5106.0	 1.1160
5107.0	 1.1166
5108.0	 1.1172
5109.0	 1.1177
5110.0	 1.1183
5111.0	 1.1188
5112.0	 1.1193
5113.0	 1.1198
5114.0	 1.1203
5115.0	 1.1207
5116.0	 1.1212
5117.0	 1.1216
5118.0	 1.1220
5119.0	 1.1224
5120.0	 1.1229
5121.0	 1.1233
5122.0	 1.1236
5123.0	 1.1240
5124.0	 1.1244
5125.0	 1.1248
5126.0	 1.1252
5127.0	 1.1255
5128.0	 1.1259
5129.0	 1.1262
5130.0	 1.1266
5131.0	 1.1269
5132.0	 1.1272
5133.0	 1.1276
5134.0	 1.1279
5135.0	 1.1282
5136.0	 1.1285
5137.0	 1.1289
5138.0	 1.1292
5139.0	 1.1295
5140.0	 1.1298
5141.0	 1.1301
5142.0	 1.1304
5143.0	 1.1307
5144.0	 1.1310
5145.0	 1.1313
5146.0	 1.1316
5147.0	 1.1319
5148.0	 1.1322
5149.0	 1.1325
5150.0	 1.1328
5151.0	 1.1331
5152.0	 1.1334
5153.0	 1.1337
5154.0	 1.1340
5155.0	 1.1343
5156.0	 1.1346
5157.0	 1.1349
5158.0	 1.1352
5159.0	 1.1355
5160.0	 1.1358
5161.0	 1.1361
5162.0	 1.1364
5163.0	 1.1367
5164.0	 1.1370
5165.0	 1.1373
5166.0	 1.1376
5167.0	 1.1379
5168.0	 1.1383
5169.0	 1.1386
5170.0	 1.1389
5171.0	 1.1392
5172.0	 1.1395
5173.0	 1.1398
5174.0	 1.1401
5175.0	 1.1405
5176.0	 1.1408
5177.0	 1.1411
5178.0	 1.1415
5179.0	 1.1418
5180.0	 1.1421
5181.0	 1.1425
5182.0	 1.1428
5183.0	 1.1432
5184.0	 1.1435
5185.0	 1.1439
5186.0	 1.1442
5187.0	 1.1446
5188.0	 1.1449
5189.0	 1.1453
5190.0	 1.1457
5191.0	 1.1461
5192.0	 1.1464
5193.0	 1.1468
5194.0	 1.1472
5195.0	 1.1476
5196.0	 1.1480
5197.0	 1.1484
5198.0	 1.1488
5199.0	 1.1492
5200.0	 1.1496
